Seq 1 of size: 110
Seq 2 of size: 110
0 -1 -2 -3 -4 -5 -6 -7 -8 -9 -10 -11 -12 -13 -14 -15 -16 -17 -18 -19 -20 -21 -22 -23 -24 -25 -26 -27 -28 -29 -30 -31 -32 -33 -34 -35 -36 -37 -38 -39 -40 -41 -42 -43 -44 -45 -46 -47 -48 -49 -50 -51 -52 -53 -54 -55 -56 -57 -58 -59 -60 -61 -62 -63 -64 -65 -66 -67 -68 -69 -70 -71 -72 -73 -74 -75 -76 -77 -78 -79 -80 -81 -82 -83 -84 -85 -86 -87 -88 -89 -90 -91 -92 -93 -94 -95 -96 -97 -98 -99 -100 -101 -102 -103 -104 -105 -106 -107 -108 -109 -110 
-1 -1 0 -1 -2 -3 -4 -5 -6 -7 -8 -9 -10 -11 -12 -13 -14 -15 -16 -17 -18 -19 -20 -21 -22 -23 -24 -25 -26 -27 -28 -29 -30 -31 -32 -33 -34 -35 -36 -37 -38 -39 -40 -41 -42 -43 -44 -45 -46 -47 -48 -49 -50 -51 -52 -53 -54 -55 -56 -57 -58 -59 -60 -61 -62 -63 -64 -65 -66 -67 -68 -69 -70 -71 -72 -73 -74 -75 -76 -77 -78 -79 -80 -81 -82 -83 -84 -85 -86 -87 -88 -89 -90 -91 -92 -93 -94 -95 -96 -97 -98 -99 -100 -101 -102 -103 -104 -105 -106 -107 -108 
-2 -2 0 1 0 -1 -2 -3 -4 -5 -6 -7 -8 -9 -10 -11 -12 -13 -14 -15 -16 -17 -18 -19 -20 -21 -22 -23 -24 -25 -26 -27 -28 -29 -30 -31 -32 -33 -34 -35 -36 -37 -38 -39 -40 -41 -42 -43 -44 -45 -46 -47 -48 -49 -50 -51 -52 -53 -54 -55 -56 -57 -58 -59 -60 -61 -62 -63 -64 -65 -66 -67 -68 -69 -70 -71 -72 -73 -74 -75 -76 -77 -78 -79 -80 -81 -82 -83 -84 -85 -86 -87 -88 -89 -90 -91 -92 -93 -94 -95 -96 -97 -98 -99 -100 -101 -102 -103 -104 -105 -106 
-3 -3 -1 1 2 1 0 -1 -2 -3 -4 -5 -6 -7 -8 -9 -10 -11 -12 -13 -14 -15 -16 -17 -18 -19 -20 -21 -22 -23 -24 -25 -26 -27 -28 -29 -30 -31 -32 -33 -34 -35 -36 -37 -38 -39 -40 -41 -42 -43 -44 -45 -46 -47 -48 -49 -50 -51 -52 -53 -54 -55 -56 -57 -58 -59 -60 -61 -62 -63 -64 -65 -66 -67 -68 -69 -70 -71 -72 -73 -74 -75 -76 -77 -78 -79 -80 -81 -82 -83 -84 -85 -86 -87 -88 -89 -90 -91 -92 -93 -94 -95 -96 -97 -98 -99 -100 -101 -102 -103 -104 
-4 -2 -2 0 1 1 0 -1 -2 -3 -4 -5 -6 -7 -8 -7 -8 -9 -10 -11 -12 -13 -14 -15 -16 -17 -18 -19 -20 -21 -22 -23 -24 -25 -26 -27 -28 -29 -30 -31 -32 -33 -34 -35 -36 -37 -38 -39 -40 -41 -42 -43 -44 -45 -46 -47 -48 -49 -50 -51 -52 -53 -54 -55 -56 -57 -58 -59 -60 -61 -62 -63 -64 -65 -66 -67 -68 -69 -70 -71 -72 -73 -74 -75 -76 -77 -78 -79 -80 -81 -82 -83 -84 -85 -86 -87 -88 -89 -90 -91 -92 -93 -94 -95 -96 -97 -98 -99 -100 -101 -102 
-5 -3 -1 -1 1 2 1 0 -1 -1 -2 -3 -4 -5 -6 -7 -8 -7 -8 -9 -10 -11 -12 -13 -14 -15 -16 -17 -18 -19 -20 -21 -22 -23 -24 -25 -26 -27 -28 -29 -30 -31 -32 -33 -34 -35 -36 -37 -38 -39 -40 -41 -42 -43 -44 -45 -46 -47 -48 -49 -50 -51 -52 -53 -54 -55 -56 -57 -58 -59 -60 -61 -62 -63 -64 -65 -66 -67 -68 -69 -70 -71 -72 -73 -74 -75 -76 -77 -78 -79 -80 -81 -82 -83 -84 -85 -86 -87 -88 -89 -90 -91 -92 -93 -94 -95 -96 -97 -98 -99 -100 
-6 -4 -2 0 0 2 1 0 -1 0 -1 -1 -2 -3 -4 -5 -6 -7 -8 -9 -8 -9 -10 -11 -12 -13 -14 -15 -16 -17 -18 -19 -20 -21 -22 -23 -24 -25 -26 -27 -28 -29 -30 -31 -32 -33 -34 -35 -36 -37 -38 -39 -40 -41 -42 -43 -44 -45 -46 -47 -48 -49 -50 -51 -52 -53 -54 -55 -56 -57 -58 -59 -60 -61 -62 -63 -64 -65 -66 -67 -68 -69 -70 -71 -72 -73 -74 -75 -76 -77 -78 -79 -80 -81 -82 -83 -84 -85 -86 -87 -88 -89 -90 -91 -92 -93 -94 -95 -96 -97 -98 
-7 -5 -3 -1 -1 1 1 2 1 0 -1 -2 -2 -3 -2 -3 -4 -5 -6 -7 -8 -9 -8 -9 -10 -11 -12 -13 -14 -15 -16 -17 -18 -19 -20 -21 -22 -23 -24 -25 -26 -27 -28 -29 -30 -31 -32 -33 -34 -35 -36 -37 -38 -39 -40 -41 -42 -43 -44 -45 -46 -47 -48 -49 -50 -51 -52 -53 -54 -55 -56 -57 -58 -59 -60 -61 -62 -63 -64 -65 -66 -67 -68 -69 -70 -71 -72 -73 -74 -75 -76 -77 -78 -79 -80 -81 -82 -83 -84 -85 -86 -87 -88 -89 -90 -91 -92 -93 -94 -95 -96 
-8 -6 -4 -2 0 0 0 1 1 2 1 0 -1 -1 -2 -3 -4 -3 -4 -5 -6 -7 -8 -7 -8 -9 -10 -11 -12 -13 -14 -15 -16 -17 -18 -19 -20 -21 -22 -23 -24 -25 -26 -27 -28 -29 -30 -31 -32 -33 -34 -35 -36 -37 -38 -39 -40 -41 -42 -43 -44 -45 -46 -47 -48 -49 -50 -51 -52 -53 -54 -55 -56 -57 -58 -59 -60 -61 -62 -63 -64 -65 -66 -67 -68 -69 -70 -71 -72 -73 -74 -75 -76 -77 -78 -79 -80 -81 -82 -83 -84 -85 -86 -87 -88 -89 -90 -91 -92 -93 -94 
-9 -7 -5 -3 -1 1 0 0 0 2 1 2 1 0 -1 -2 -3 -3 -4 -5 -4 -5 -6 -7 -8 -7 -8 -9 -10 -11 -12 -13 -14 -15 -16 -17 -18 -19 -20 -21 -22 -23 -24 -25 -26 -27 -28 -29 -30 -31 -32 -33 -34 -35 -36 -37 -38 -39 -40 -41 -42 -43 -44 -45 -46 -47 -48 -49 -50 -51 -52 -53 -54 -55 -56 -57 -58 -59 -60 -61 -62 -63 -64 -65 -66 -67 -68 -69 -70 -71 -72 -73 -74 -75 -76 -77 -78 -79 -80 -81 -82 -83 -84 -85 -86 -87 -88 -89 -90 -91 -92 
-10 -8 -6 -4 -2 0 0 -1 -1 1 1 2 1 2 1 0 -1 -2 -3 -4 -4 -5 -6 -5 -6 -7 -8 -9 -10 -9 -10 -11 -12 -13 -14 -15 -16 -17 -18 -19 -20 -21 -22 -23 -24 -25 -26 -27 -28 -29 -30 -31 -32 -33 -34 -35 -36 -37 -38 -39 -40 -41 -42 -43 -44 -45 -46 -47 -48 -49 -50 -51 -52 -53 -54 -55 -56 -57 -58 -59 -60 -61 -62 -63 -64 -65 -66 -67 -68 -69 -70 -71 -72 -73 -74 -75 -76 -77 -78 -79 -80 -81 -82 -83 -84 -85 -86 -87 -88 -89 -90 
-11 -9 -7 -5 -3 -1 -1 -1 -2 0 0 1 1 1 1 2 1 0 -1 -2 -3 -3 -4 -5 -6 -7 -8 -7 -8 -9 -10 -11 -12 -13 -12 -13 -14 -15 -16 -17 -18 -19 -20 -21 -22 -23 -24 -25 -26 -27 -28 -29 -30 -31 -32 -33 -34 -35 -36 -37 -38 -39 -40 -41 -42 -43 -44 -45 -46 -47 -48 -49 -50 -51 -52 -53 -54 -55 -56 -57 -58 -59 -60 -61 -62 -63 -64 -65 -66 -67 -68 -69 -70 -71 -72 -73 -74 -75 -76 -77 -78 -79 -80 -81 -82 -83 -84 -85 -86 -87 -88 
-12 -10 -8 -6 -4 -2 -2 -2 -2 -1 -1 1 0 2 1 1 1 2 1 0 -1 -2 -3 -3 -4 -5 -6 -7 -8 -7 -8 -9 -10 -11 -12 -13 -14 -15 -14 -15 -16 -17 -18 -19 -20 -21 -22 -23 -24 -25 -26 -27 -28 -29 -30 -31 -32 -33 -34 -35 -36 -37 -38 -39 -40 -41 -42 -43 -44 -45 -46 -47 -48 -49 -50 -51 -52 -53 -54 -55 -56 -57 -58 -59 -60 -61 -62 -63 -64 -65 -66 -67 -68 -69 -70 -71 -72 -73 -74 -75 -76 -77 -78 -79 -80 -81 -82 -83 -84 -85 -86 
-13 -11 -9 -7 -5 -3 -3 -3 -3 -1 -2 0 0 1 1 0 0 2 1 0 1 0 -1 -2 -3 -3 -4 -5 -6 -7 -8 -9 -8 -9 -10 -11 -12 -13 -14 -13 -14 -15 -16 -17 -18 -19 -20 -21 -22 -23 -24 -25 -26 -27 -28 -29 -30 -31 -32 -33 -34 -35 -36 -37 -38 -39 -40 -41 -42 -43 -44 -45 -46 -47 -48 -49 -50 -51 -52 -53 -54 -55 -56 -57 -58 -59 -60 -61 -62 -63 -64 -65 -66 -67 -68 -69 -70 -71 -72 -73 -74 -75 -76 -77 -78 -79 -80 -81 -82 -83 -84 
-14 -12 -10 -8 -6 -4 -4 -2 -3 -2 -2 -1 -1 0 2 1 0 1 3 2 1 0 1 0 -1 -2 -3 -4 -4 -5 -6 -7 -8 -9 -10 -9 -10 -11 -12 -13 -14 -13 -14 -15 -16 -17 -18 -19 -20 -21 -22 -23 -24 -25 -26 -27 -28 -29 -30 -31 -32 -33 -34 -35 -36 -37 -38 -39 -40 -41 -42 -43 -44 -45 -46 -47 -48 -49 -50 -51 -52 -53 -54 -55 -56 -57 -58 -59 -60 -61 -62 -63 -64 -65 -66 -67 -68 -69 -70 -71 -72 -73 -74 -75 -76 -77 -78 -79 -80 -81 -82 
-15 -13 -11 -9 -7 -5 -3 -3 -1 -2 -1 -2 0 -1 1 1 2 1 2 4 3 2 1 0 1 0 -1 -2 -3 -4 -4 -5 -6 -7 -8 -9 -10 -11 -12 -13 -12 -13 -14 -15 -16 -17 -16 -17 -18 -19 -20 -21 -22 -23 -24 -25 -26 -27 -28 -29 -30 -31 -32 -33 -34 -35 -36 -37 -38 -39 -40 -41 -42 -43 -44 -45 -46 -47 -48 -49 -50 -51 -52 -53 -54 -55 -56 -57 -58 -59 -60 -61 -62 -63 -64 -65 -66 -67 -68 -69 -70 -71 -72 -73 -74 -75 -76 -77 -78 -79 -80 
-16 -14 -12 -10 -8 -6 -4 -4 -2 0 -1 0 -1 1 0 0 1 3 2 3 5 4 3 2 1 2 1 0 -1 -2 -3 -4 -4 -5 -6 -7 -8 -9 -10 -11 -12 -13 -14 -15 -16 -15 -16 -17 -18 -17 -18 -19 -20 -21 -22 -23 -24 -25 -26 -27 -28 -29 -30 -31 -32 -33 -34 -35 -36 -37 -38 -39 -40 -41 -42 -43 -44 -45 -46 -47 -48 -49 -50 -51 -52 -53 -54 -55 -56 -57 -58 -59 -60 -61 -62 -63 -64 -65 -66 -67 -68 -69 -70 -71 -72 -73 -74 -75 -76 -77 -78 
-17 -15 -13 -11 -9 -7 -5 -5 -3 -1 -1 0 -1 0 0 -1 0 2 2 2 4 4 3 4 3 2 1 0 -1 0 -1 -2 -3 -3 -4 -5 -6 -7 -8 -9 -10 -11 -12 -13 -14 -15 -16 -17 -18 -17 -18 -17 -18 -19 -20 -21 -22 -23 -24 -25 -26 -27 -28 -29 -30 -31 -32 -33 -34 -35 -36 -37 -38 -39 -40 -41 -42 -43 -44 -45 -46 -47 -48 -49 -50 -51 -52 -53 -54 -55 -56 -57 -58 -59 -60 -61 -62 -63 -64 -65 -66 -67 -68 -69 -70 -71 -72 -73 -74 -75 -76 
-18 -16 -14 -12 -10 -8 -6 -6 -4 -2 -2 0 -1 0 -1 -1 -1 1 1 1 3 3 3 4 3 4 3 2 1 0 -1 -2 -1 -2 -3 -4 -5 -6 -6 -7 -8 -9 -10 -11 -12 -13 -14 -15 -16 -17 -18 -17 -18 -19 -20 -19 -20 -21 -22 -23 -24 -25 -26 -27 -28 -29 -30 -31 -32 -33 -34 -35 -36 -37 -38 -39 -40 -41 -42 -43 -44 -45 -46 -47 -48 -49 -50 -51 -52 -53 -54 -55 -56 -57 -58 -59 -60 -61 -62 -63 -64 -65 -66 -67 -68 -69 -70 -71 -72 -73 -74 
-19 -17 -15 -13 -11 -9 -7 -7 -5 -3 -3 -1 -1 -1 -1 0 -1 0 0 0 2 4 3 3 3 3 3 4 3 2 1 0 -1 -2 -1 -2 -3 -4 -5 -6 -7 -8 -9 -10 -10 -11 -12 -13 -14 -15 -16 -17 -16 -17 -18 -19 -18 -19 -20 -21 -22 -23 -24 -25 -26 -27 -28 -29 -30 -31 -32 -33 -34 -35 -36 -37 -38 -39 -40 -41 -42 -43 -44 -45 -46 -47 -48 -49 -50 -51 -52 -53 -54 -55 -56 -57 -58 -59 -60 -61 -62 -63 -64 -65 -66 -67 -68 -69 -70 -71 -72 
-20 -18 -16 -14 -12 -10 -8 -8 -6 -4 -4 -2 -2 0 -1 -1 -1 0 -1 -1 1 3 3 4 3 4 3 3 3 4 3 2 1 0 -1 -2 -3 -4 -3 -4 -5 -6 -7 -8 -9 -9 -10 -11 -12 -13 -14 -15 -16 -17 -18 -17 -18 -19 -20 -21 -22 -23 -24 -23 -24 -25 -26 -27 -28 -29 -30 -31 -32 -33 -34 -35 -36 -37 -38 -39 -40 -41 -42 -43 -44 -45 -46 -47 -48 -49 -50 -51 -52 -53 -54 -55 -56 -57 -58 -59 -60 -61 -62 -63 -64 -65 -66 -67 -68 -69 -70 
-21 -19 -17 -15 -13 -11 -9 -9 -7 -5 -5 -3 -3 -1 -1 -2 -2 0 -1 -2 0 2 2 4 3 4 3 2 2 4 3 2 3 2 1 0 -1 -2 -3 -2 -3 -4 -5 -6 -7 -8 -9 -10 -11 -11 -12 -13 -14 -15 -16 -17 -18 -19 -20 -21 -22 -23 -24 -23 -24 -23 -24 -25 -26 -27 -28 -29 -30 -31 -32 -33 -34 -35 -36 -37 -38 -39 -40 -41 -42 -43 -44 -45 -46 -47 -48 -49 -50 -51 -52 -53 -54 -55 -56 -57 -58 -59 -60 -61 -62 -63 -64 -65 -66 -67 -68 
-22 -20 -18 -16 -14 -12 -10 -8 -8 -6 -6 -4 -4 -2 0 -1 -2 -1 1 0 -1 1 3 3 3 3 3 2 3 3 3 4 3 2 1 2 1 0 -1 -2 -3 -2 -3 -4 -5 -6 -7 -8 -9 -10 -11 -12 -13 -13 -14 -15 -16 -17 -18 -19 -20 -21 -22 -23 -24 -24 -24 -25 -26 -27 -26 -27 -28 -29 -30 -31 -32 -33 -34 -35 -36 -37 -38 -39 -40 -41 -42 -43 -44 -45 -46 -47 -48 -49 -50 -51 -52 -53 -54 -55 -56 -57 -58 -59 -60 -61 -62 -63 -64 -65 -66 
-23 -21 -19 -17 -15 -13 -11 -9 -9 -7 -7 -5 -5 -3 -1 -1 -2 -1 0 0 1 0 2 4 3 4 3 2 2 4 3 3 5 4 3 2 1 0 1 0 -1 -2 -3 -4 -5 -4 -5 -6 -7 -8 -9 -10 -11 -12 -13 -13 -14 -15 -16 -17 -18 -19 -20 -21 -22 -23 -23 -23 -24 -25 -26 -27 -26 -27 -28 -29 -30 -31 -32 -33 -34 -35 -36 -37 -38 -39 -40 -41 -42 -43 -44 -45 -46 -47 -48 -49 -50 -51 -52 -53 -54 -55 -56 -57 -58 -59 -60 -61 -62 -63 -64 
-24 -22 -20 -18 -16 -14 -12 -10 -10 -8 -8 -6 -6 -4 -2 -2 -2 -1 -1 -1 1 0 1 3 3 4 3 2 1 3 3 2 4 6 5 4 3 2 1 2 1 0 -1 -2 -3 -4 -5 -6 -7 -6 -7 -8 -9 -10 -11 -12 -13 -14 -15 -16 -17 -18 -19 -19 -20 -21 -22 -22 -22 -23 -24 -25 -26 -27 -26 -27 -28 -29 -30 -31 -32 -33 -34 -35 -36 -37 -38 -39 -40 -41 -42 -43 -44 -45 -46 -47 -48 -49 -50 -51 -52 -53 -54 -55 -56 -57 -58 -59 -60 -61 -62 
-25 -23 -21 -19 -17 -15 -13 -11 -11 -9 -9 -7 -7 -5 -3 -3 -3 -1 -2 -2 0 0 0 2 2 4 3 2 1 2 2 2 3 5 5 4 3 2 3 2 1 0 -1 -2 -3 -2 -3 -4 -5 -6 -7 -6 -7 -8 -9 -10 -11 -12 -13 -14 -15 -16 -17 -18 -19 -19 -20 -21 -21 -22 -23 -24 -24 -25 -26 -27 -26 -27 -28 -29 -30 -31 -32 -33 -34 -35 -36 -37 -38 -39 -40 -41 -42 -43 -44 -45 -46 -47 -48 -49 -50 -51 -52 -53 -54 -55 -56 -57 -58 -59 -60 
-26 -24 -22 -20 -18 -16 -14 -12 -12 -10 -10 -8 -8 -6 -4 -2 -3 -2 -2 -3 -1 1 0 1 1 3 3 4 3 2 1 1 2 4 6 5 4 4 3 2 1 0 -1 -2 -1 -2 -3 -4 -3 -4 -5 -6 -5 -6 -7 -8 -9 -10 -11 -12 -13 -14 -15 -16 -17 -18 -19 -20 -21 -22 -23 -24 -25 -25 -26 -27 -27 -27 -26 -27 -28 -29 -30 -31 -32 -33 -34 -35 -36 -37 -38 -39 -40 -41 -42 -43 -44 -45 -46 -47 -48 -49 -50 -51 -52 -53 -54 -55 -56 -57 -58 
-27 -25 -23 -21 -19 -17 -15 -13 -13 -11 -11 -9 -9 -7 -5 -3 -3 -2 -3 -3 -2 0 0 1 0 2 2 3 3 4 3 2 2 3 5 5 4 3 5 4 3 2 1 0 -1 0 -1 -2 -3 -2 -3 -4 -5 -6 -7 -6 -7 -8 -9 -10 -11 -12 -13 -14 -15 -16 -17 -18 -19 -20 -21 -22 -23 -24 -24 -25 -26 -27 -27 -27 -26 -27 -28 -29 -30 -31 -32 -33 -34 -35 -36 -37 -38 -39 -40 -41 -42 -43 -44 -45 -46 -47 -48 -49 -50 -51 -52 -53 -54 -55 -56 
-28 -26 -24 -22 -20 -18 -16 -14 -14 -12 -12 -10 -10 -8 -6 -4 -4 -2 -3 -4 -2 -1 -1 1 0 1 1 2 2 4 3 2 3 3 4 4 4 3 4 6 5 4 3 2 1 0 -1 -2 -3 -2 -3 -2 -3 -4 -5 -6 -7 -8 -9 -10 -11 -12 -13 -12 -13 -14 -15 -16 -17 -18 -19 -20 -21 -22 -23 -24 -24 -25 -26 -27 -26 -27 -28 -27 -28 -29 -30 -31 -32 -33 -34 -35 -36 -37 -38 -39 -40 -41 -42 -43 -44 -45 -46 -47 -48 -49 -50 -51 -52 -53 -54 
-29 -27 -25 -23 -21 -19 -17 -15 -15 -13 -13 -11 -11 -9 -7 -5 -5 -3 -1 -2 -3 -2 0 0 0 0 0 1 3 3 3 4 3 2 3 5 5 4 3 5 5 6 5 4 3 2 1 0 -1 -2 -3 -3 -3 -2 -3 -4 -5 -6 -7 -8 -9 -10 -11 -12 -13 -14 -15 -16 -17 -18 -17 -18 -19 -20 -21 -22 -23 -23 -24 -25 -26 -25 -26 -27 -28 -27 -28 -29 -30 -31 -32 -33 -34 -35 -36 -37 -38 -39 -40 -41 -42 -43 -44 -45 -46 -47 -48 -49 -50 -51 -52 
-30 -28 -26 -24 -22 -20 -18 -16 -14 -14 -12 -12 -10 -10 -8 -6 -4 -4 -2 0 -1 -2 -1 -1 1 0 1 0 2 2 4 3 3 2 2 4 4 4 3 4 6 5 5 4 3 2 3 2 1 0 -1 -2 -3 -3 -1 -2 -3 -4 -5 -6 -7 -8 -9 -10 -11 -12 -13 -14 -15 -16 -17 -16 -17 -18 -19 -20 -21 -22 -23 -23 -24 -25 -24 -25 -26 -27 -28 -27 -28 -29 -30 -31 -32 -33 -34 -35 -36 -37 -38 -39 -40 -41 -42 -43 -44 -45 -46 -47 -48 -49 -50 
-31 -29 -27 -25 -23 -21 -19 -17 -15 -13 -13 -11 -11 -9 -9 -7 -5 -3 -3 -1 1 0 -1 0 0 2 1 0 1 3 3 3 4 4 3 3 3 3 5 4 5 5 4 4 3 4 3 2 1 2 1 0 -1 -2 -2 0 -1 -2 -3 -4 -5 -6 -7 -8 -9 -10 -11 -12 -13 -14 -15 -16 -15 -16 -17 -18 -19 -20 -21 -22 -22 -23 -24 -23 -24 -25 -26 -27 -26 -27 -28 -29 -30 -31 -32 -33 -34 -35 -36 -37 -38 -39 -40 -41 -42 -43 -44 -45 -46 -47 -48 
-32 -30 -28 -26 -24 -22 -20 -18 -16 -14 -14 -12 -12 -10 -10 -8 -6 -4 -4 -2 0 0 -1 0 -1 1 1 0 0 2 2 2 4 5 4 3 2 2 4 6 5 4 4 3 3 4 3 2 1 2 1 2 1 0 -1 -1 -1 -2 -3 -4 -5 -6 -7 -6 -7 -8 -9 -10 -11 -12 -13 -14 -15 -16 -15 -16 -17 -18 -19 -20 -21 -22 -23 -23 -24 -25 -24 -25 -26 -27 -28 -29 -28 -29 -30 -31 -32 -33 -34 -35 -36 -37 -38 -39 -40 -41 -42 -43 -44 -45 -46 
-33 -31 -29 -27 -25 -23 -21 -19 -17 -15 -15 -13 -13 -11 -11 -9 -7 -5 -5 -3 -1 -1 -1 0 -1 0 0 0 -1 1 1 1 3 5 4 3 2 1 3 5 5 4 3 3 2 4 3 2 1 2 1 2 1 0 -1 0 -1 -2 -3 -4 -5 -6 -7 -6 -7 -6 -7 -8 -9 -10 -11 -12 -13 -14 -15 -16 -15 -16 -17 -18 -19 -20 -21 -22 -23 -24 -24 -25 -24 -25 -26 -27 -28 -29 -30 -29 -30 -31 -32 -33 -34 -35 -36 -37 -38 -39 -40 -41 -42 -43 -44 
-34 -32 -30 -28 -26 -24 -22 -20 -18 -16 -16 -14 -14 -12 -12 -10 -8 -6 -6 -4 -2 0 -1 -1 -1 -1 -1 1 0 0 0 0 2 4 6 5 4 3 2 4 4 4 3 2 4 3 3 2 3 2 1 1 3 2 1 0 1 0 -1 -2 -3 -4 -5 -6 -5 -6 -7 -8 -9 -10 -11 -12 -13 -14 -15 -16 -16 -16 -15 -16 -17 -18 -19 -20 -21 -22 -23 -24 -25 -25 -24 -25 -26 -27 -28 -29 -30 -29 -30 -31 -32 -33 -34 -35 -36 -37 -38 -39 -40 -41 -42 
-35 -33 -31 -29 -27 -25 -23 -21 -19 -17 -17 -15 -15 -13 -13 -11 -9 -7 -7 -5 -3 -1 -1 0 -1 0 -1 0 0 1 0 -1 1 3 5 5 4 3 4 3 3 3 3 2 3 5 4 3 2 4 3 2 2 2 1 2 1 0 -1 -2 -3 -4 -5 -4 -5 -4 -5 -6 -7 -8 -9 -10 -11 -12 -13 -14 -15 -16 -16 -16 -15 -16 -17 -18 -19 -20 -21 -22 -23 -24 -25 -25 -24 -25 -26 -27 -28 -29 -30 -31 -32 -31 -32 -33 -34 -35 -36 -37 -38 -39 -40 
-36 -34 -32 -30 -28 -26 -24 -22 -20 -18 -18 -16 -16 -14 -14 -12 -10 -8 -8 -6 -4 -2 -2 0 -1 0 -1 -1 -1 1 0 -1 0 2 4 4 4 3 4 5 4 3 2 2 2 4 4 3 2 3 3 4 3 2 1 2 1 0 -1 -2 -3 -4 -5 -4 -5 -4 -3 -4 -5 -6 -7 -8 -9 -10 -11 -12 -13 -14 -15 -16 -15 -16 -17 -16 -17 -18 -19 -20 -21 -22 -23 -24 -24 -25 -26 -25 -26 -27 -28 -29 -30 -31 -30 -31 -32 -33 -34 -35 -36 -37 -38 
-37 -35 -33 -31 -29 -27 -25 -23 -21 -19 -19 -17 -17 -15 -13 -13 -11 -9 -7 -7 -5 -3 -1 -1 -1 -1 -1 -2 0 0 0 1 0 1 3 5 5 4 3 4 4 5 4 3 2 3 3 5 4 3 2 3 3 4 3 2 1 2 1 0 -1 -2 -3 -4 -5 -5 -4 -4 -5 -6 -5 -6 -7 -8 -9 -10 -11 -12 -13 -14 -15 -14 -15 -16 -17 -16 -17 -18 -19 -20 -21 -22 -23 -24 -24 -25 -26 -27 -26 -27 -28 -29 -30 -31 -30 -31 -32 -33 -34 -35 -36 
-38 -36 -34 -32 -30 -28 -26 -24 -22 -20 -20 -18 -18 -16 -14 -14 -12 -10 -8 -8 -6 -4 -2 0 -1 0 -1 -2 -1 1 0 0 2 1 2 4 4 4 5 4 3 4 4 3 2 3 2 4 4 5 4 3 2 3 3 4 3 2 1 0 -1 -2 -3 -2 -3 -4 -4 -3 -3 -4 -5 -6 -5 -6 -7 -8 -9 -10 -11 -12 -13 -14 -15 -14 -15 -16 -15 -16 -17 -18 -19 -20 -21 -22 -23 -23 -24 -25 -26 -27 -28 -27 -28 -29 -30 -31 -32 -33 -32 -33 -34 
-39 -37 -35 -33 -31 -29 -27 -25 -23 -21 -21 -19 -19 -17 -15 -15 -13 -11 -9 -9 -7 -5 -3 -1 -1 0 -1 -2 -2 0 0 -1 1 3 2 3 3 3 5 6 5 4 3 3 2 3 2 3 3 5 4 5 4 3 2 4 3 2 1 0 -1 -2 -3 -2 -3 -2 -3 -3 -2 -3 -4 -5 -5 -6 -5 -6 -7 -8 -9 -10 -11 -12 -13 -14 -15 -16 -15 -16 -15 -16 -17 -18 -19 -20 -21 -22 -22 -23 -24 -25 -26 -27 -26 -27 -28 -29 -30 -31 -32 -33 -34 
-40 -38 -36 -34 -32 -30 -28 -26 -24 -22 -22 -20 -20 -18 -16 -16 -14 -12 -10 -10 -8 -6 -4 -2 -2 0 -1 -2 -3 -1 -1 -1 0 2 2 2 2 2 4 6 5 4 3 2 2 3 2 2 2 4 4 5 4 3 2 3 3 2 1 0 -1 -2 -3 -2 -3 -2 -1 -2 -2 -3 -4 -5 -4 -5 -5 -6 -5 -6 -7 -8 -9 -10 -11 -12 -13 -14 -15 -16 -15 -16 -17 -18 -17 -18 -19 -20 -21 -22 -23 -24 -25 -25 -26 -27 -28 -29 -30 -31 -30 -31 -32 
-41 -39 -37 -35 -33 -31 -29 -27 -25 -23 -23 -21 -21 -19 -17 -15 -15 -13 -11 -11 -9 -7 -5 -3 -3 -1 -1 0 -1 -2 -2 -2 -1 1 3 2 1 3 3 5 5 4 3 2 3 2 2 1 3 3 3 4 6 5 4 3 4 3 2 1 1 0 -1 -2 -1 -2 -2 -2 -3 -3 -4 -5 -5 -5 -6 -6 -6 -6 -5 -6 -7 -8 -9 -10 -11 -12 -13 -14 -15 -16 -15 -16 -17 -18 -19 -20 -21 -20 -21 -22 -23 -24 -25 -26 -27 -28 -29 -29 -30 -31 -32 
-42 -40 -38 -36 -34 -32 -30 -28 -26 -24 -24 -22 -22 -20 -18 -16 -16 -14 -12 -12 -10 -8 -6 -4 -4 -2 -2 -1 -1 0 -1 -2 -1 0 2 2 1 2 4 4 4 4 3 2 2 4 3 2 2 4 3 4 5 5 4 5 4 3 2 1 0 0 -1 0 -1 0 -1 -1 -1 -2 -3 -4 -4 -5 -4 -5 -5 -6 -6 -6 -5 -6 -7 -8 -9 -10 -11 -12 -13 -14 -15 -16 -15 -16 -17 -18 -19 -20 -21 -22 -23 -22 -23 -24 -25 -26 -27 -28 -28 -29 -30 
-43 -41 -39 -37 -35 -33 -31 -29 -27 -25 -25 -23 -23 -21 -19 -17 -17 -15 -13 -13 -11 -9 -7 -5 -5 -3 -3 -2 -2 0 -1 -2 -1 0 1 1 1 1 3 5 4 3 3 2 1 3 3 2 1 3 3 4 4 4 4 5 4 3 2 1 0 -1 -1 0 -1 0 1 0 0 -1 -2 -3 -3 -4 -4 -5 -4 -5 -6 -7 -5 -6 -7 -6 -7 -8 -9 -10 -11 -12 -13 -14 -15 -16 -17 -16 -17 -18 -19 -20 -21 -22 -21 -22 -23 -24 -25 -26 -27 -28 -29 
-44 -42 -40 -38 -36 -34 -32 -30 -28 -26 -26 -24 -24 -22 -20 -18 -18 -16 -14 -14 -12 -10 -8 -6 -6 -4 -4 -3 -1 -1 -1 0 -1 -1 0 2 2 1 2 4 4 5 4 4 3 2 2 4 3 2 2 3 3 5 4 4 4 5 4 3 2 1 0 -1 -1 -1 0 0 -1 -1 0 -1 -2 -3 -4 -5 -5 -3 -4 -5 -6 -4 -5 -6 -7 -6 -7 -8 -9 -10 -11 -12 -13 -14 -15 -16 -17 -18 -17 -18 -19 -20 -21 -22 -21 -22 -23 -24 -25 -26 -27 
-45 -43 -41 -39 -37 -35 -33 -31 -29 -27 -25 -25 -23 -23 -21 -19 -17 -17 -15 -13 -13 -11 -9 -7 -5 -5 -3 -4 -2 -2 0 -1 -1 -2 -1 1 1 1 1 3 5 4 4 3 3 2 3 3 3 2 3 2 2 4 6 5 4 4 4 3 2 1 2 1 0 -1 -1 -1 -1 0 -1 1 0 -1 -2 -3 -4 -4 -4 -3 -4 -5 -3 -4 -5 -6 -7 -6 -7 -8 -9 -10 -11 -12 -13 -14 -15 -16 -17 -18 -19 -20 -21 -20 -21 -22 -23 -24 -25 -24 -25 
-46 -44 -42 -40 -38 -36 -34 -32 -30 -28 -26 -24 -24 -22 -22 -20 -18 -16 -16 -14 -12 -12 -10 -8 -6 -4 -4 -4 -3 -1 -1 -1 0 0 -1 0 0 0 2 2 4 4 3 3 2 4 3 2 2 4 3 4 3 3 5 7 6 5 4 3 2 1 1 3 2 1 0 0 0 -1 -1 0 2 1 0 -1 -2 -3 -4 -4 -2 -3 -4 -2 -3 -4 -5 -6 -5 -6 -7 -8 -9 -10 -11 -12 -13 -14 -15 -16 -17 -18 -19 -20 -21 -22 -23 -24 -23 -24 -25 
-47 -45 -43 -41 -39 -37 -35 -33 -31 -29 -27 -25 -25 -23 -23 -21 -19 -17 -17 -15 -13 -13 -11 -9 -7 -5 -5 -5 -4 -2 -2 -2 0 1 0 -1 -1 -1 1 3 3 3 3 2 2 3 3 2 1 3 3 4 3 2 4 6 6 5 4 3 2 1 0 2 2 3 2 1 1 0 -1 -1 1 1 2 1 0 -1 -2 -3 -3 -3 -4 -3 -3 -4 -3 -4 -5 -6 -7 -8 -7 -8 -9 -10 -11 -12 -13 -14 -15 -16 -17 -18 -19 -20 -21 -22 -23 -24 -25 
-48 -46 -44 -42 -40 -38 -36 -34 -32 -30 -28 -26 -26 -24 -24 -22 -20 -18 -18 -16 -14 -14 -12 -10 -8 -6 -6 -6 -5 -3 -3 -3 -1 1 0 -1 -2 -2 0 2 2 2 2 2 1 3 2 2 1 2 2 4 3 2 3 5 5 5 4 3 2 1 0 1 1 3 4 3 2 1 0 -1 0 0 2 1 2 1 0 -1 -2 -3 -4 -3 -4 -4 -3 -4 -3 -4 -5 -6 -7 -8 -9 -8 -9 -10 -11 -12 -13 -14 -15 -16 -17 -18 -19 -20 -21 -22 -23 
-49 -47 -45 -43 -41 -39 -37 -35 -33 -31 -29 -27 -27 -25 -25 -23 -21 -19 -19 -17 -15 -13 -13 -11 -9 -7 -7 -5 -6 -4 -4 -4 -2 0 2 1 0 -1 -1 1 1 1 1 1 3 2 2 1 3 2 1 3 5 4 3 4 6 5 4 3 4 3 2 1 2 2 3 3 2 1 0 -1 -1 -1 1 1 1 1 2 1 0 -1 -2 -3 -2 -3 -4 -4 -4 -4 -3 -4 -5 -6 -7 -8 -9 -8 -9 -10 -11 -12 -13 -14 -15 -16 -17 -18 -19 -20 -21 
-50 -48 -46 -44 -42 -40 -38 -36 -34 -32 -30 -28 -28 -26 -26 -24 -22 -20 -20 -18 -16 -14 -14 -12 -10 -8 -8 -6 -6 -5 -5 -5 -3 -1 1 1 0 -1 0 0 0 0 0 0 2 4 3 2 2 4 3 2 4 4 3 4 5 5 4 3 3 3 2 3 2 3 3 4 4 3 2 1 0 -1 0 0 2 1 1 1 2 1 0 -1 -2 -3 -2 -3 -3 -4 -4 -4 -3 -4 -5 -6 -7 -8 -9 -10 -11 -10 -11 -12 -13 -14 -15 -16 -17 -18 -19 
-51 -49 -47 -45 -43 -41 -39 -37 -35 -33 -31 -29 -29 -27 -27 -25 -23 -21 -21 -19 -17 -15 -15 -13 -11 -9 -9 -7 -7 -5 -6 -6 -4 -2 0 0 0 -1 0 1 0 -1 -1 -1 1 3 3 2 1 3 3 4 3 3 3 4 4 4 4 3 2 2 2 3 2 3 4 4 5 4 3 2 2 1 0 -1 1 1 0 0 2 1 0 1 0 -1 -2 -3 -2 -3 -4 -5 -3 -4 -5 -4 -5 -6 -7 -8 -9 -10 -9 -10 -11 -12 -13 -14 -15 -16 -17 
-52 -50 -48 -46 -44 -42 -40 -38 -36 -34 -32 -30 -30 -28 -26 -26 -24 -22 -20 -20 -18 -16 -14 -14 -12 -10 -10 -8 -6 -6 -6 -5 -5 -3 -1 1 1 0 -1 0 0 1 0 0 0 2 2 4 3 2 2 3 3 4 3 3 3 5 5 5 4 3 2 2 2 2 3 3 4 4 5 4 3 2 1 0 0 2 1 0 1 3 2 1 0 1 0 -1 -2 -3 -4 -3 -4 -4 -3 -4 -5 -6 -5 -6 -7 -8 -9 -10 -9 -10 -11 -12 -13 -14 -15 
-53 -51 -49 -47 -45 -43 -41 -39 -37 -35 -33 -31 -31 -29 -27 -27 -25 -23 -21 -21 -19 -17 -15 -13 -13 -11 -11 -9 -7 -5 -6 -6 -4 -4 -2 0 0 0 1 0 -1 0 0 -1 -1 1 1 3 3 4 3 3 2 3 3 4 3 4 4 4 4 3 2 3 2 3 3 4 4 3 4 4 5 4 3 2 1 1 1 0 1 2 2 3 2 1 2 1 0 -1 -2 -3 -2 -3 -4 -2 -3 -4 -5 -6 -7 -6 -7 -8 -9 -10 -11 -12 -11 -12 -13 
-54 -52 -50 -48 -46 -44 -42 -40 -38 -36 -34 -32 -32 -30 -28 -28 -26 -24 -22 -22 -20 -18 -16 -14 -14 -12 -12 -10 -8 -6 -6 -7 -5 -3 -3 -1 -1 -1 1 2 1 0 -1 -1 -2 0 0 2 2 4 3 4 3 2 2 4 3 3 3 3 3 3 2 3 2 3 4 4 5 4 3 3 5 4 5 4 3 2 1 0 1 1 1 3 2 1 2 1 2 1 0 -1 -2 -3 -4 -3 -1 -2 -3 -4 -5 -6 -5 -6 -7 -8 -9 -10 -11 -12 -13 
-55 -53 -51 -49 -47 -45 -43 -41 -39 -37 -35 -33 -33 -31 -29 -29 -27 -25 -23 -23 -21 -19 -17 -15 -15 -13 -13 -11 -9 -7 -7 -7 -6 -4 -4 -2 -2 -2 0 2 1 0 -1 -2 -2 -1 -1 1 1 3 3 4 3 2 1 3 3 2 2 2 2 2 2 3 2 3 4 5 5 4 3 2 4 4 5 4 5 4 3 2 1 0 0 2 2 1 2 1 2 1 0 -1 0 -1 -2 -3 -2 -2 -3 -4 -5 -4 -5 -6 -7 -8 -9 -10 -9 -10 -11 
-56 -54 -52 -50 -48 -46 -44 -42 -40 -38 -36 -34 -34 -32 -30 -28 -28 -26 -24 -24 -22 -20 -18 -16 -16 -14 -14 -12 -10 -8 -8 -8 -7 -5 -3 -3 -3 -1 -1 1 1 0 -1 -2 -1 -2 -2 0 2 2 2 3 5 4 3 2 4 3 2 1 3 2 1 2 4 3 3 4 4 4 3 2 3 3 4 4 4 4 5 4 3 2 1 1 3 2 1 1 1 1 2 1 0 -1 -2 -3 -3 -1 -2 -3 -3 -4 -5 -6 -7 -8 -9 -8 -9 -10 -11 
-57 -55 -53 -51 -49 -47 -45 -43 -41 -39 -37 -35 -35 -33 -31 -29 -29 -27 -25 -25 -23 -21 -19 -17 -17 -15 -15 -13 -11 -9 -9 -9 -7 -6 -4 -4 -4 -2 0 0 0 0 -1 -2 -2 0 -1 -1 1 3 2 3 4 4 3 4 3 3 2 1 2 2 1 2 3 5 4 4 5 4 3 2 3 2 4 3 5 4 4 4 5 4 3 2 2 2 3 2 2 1 1 1 2 1 0 -1 -2 -2 -2 -3 -4 -2 -3 -4 -5 -6 -7 -8 -7 -8 -9 
-58 -56 -54 -52 -50 -48 -46 -44 -42 -40 -38 -36 -36 -34 -32 -30 -30 -28 -26 -26 -24 -22 -20 -18 -18 -16 -16 -14 -12 -10 -10 -10 -8 -6 -5 -5 -5 -3 -1 1 0 -1 -1 -2 -3 -1 -1 -2 0 2 2 3 3 3 3 4 3 2 2 1 1 1 1 2 2 4 6 5 5 4 3 2 3 2 3 3 4 4 3 3 5 4 3 4 3 2 3 2 3 2 1 0 2 1 0 1 0 -1 -2 -3 -4 -3 -1 -2 -3 -4 -5 -6 -7 -8 -9 
-59 -57 -55 -53 -51 -49 -47 -45 -43 -41 -39 -37 -37 -35 -33 -31 -31 -29 -27 -27 -25 -23 -21 -19 -19 -17 -17 -15 -13 -11 -11 -9 -9 -7 -6 -4 -4 -4 -2 0 0 1 0 0 -1 -2 -2 0 -1 1 1 2 2 4 3 3 3 4 3 3 2 2 1 1 1 3 5 5 4 4 5 4 3 2 2 2 3 5 4 3 4 6 5 4 3 4 3 2 2 2 1 2 1 1 2 1 0 -1 0 -1 -2 -3 -2 -2 -1 -2 -3 -4 -5 -6 -7 
-60 -58 -56 -54 -52 -50 -48 -46 -44 -42 -40 -38 -36 -36 -34 -32 -30 -30 -28 -26 -26 -24 -22 -20 -18 -18 -16 -16 -14 -12 -10 -10 -10 -8 -7 -5 -5 -5 -3 -1 1 0 0 -1 -1 -2 -1 -1 -1 0 2 1 1 3 5 4 3 3 3 2 2 1 3 2 1 2 4 4 4 5 4 6 5 4 3 3 2 4 4 5 4 5 7 6 5 4 3 4 3 3 2 1 1 2 1 1 0 -1 -1 -1 -2 -3 -3 -1 -2 -2 -3 -4 -5 -4 -5 
-61 -59 -57 -55 -53 -51 -49 -47 -45 -43 -41 -39 -37 -37 -35 -33 -31 -31 -29 -27 -27 -25 -23 -21 -19 -19 -17 -15 -15 -13 -11 -11 -11 -9 -7 -6 -6 -4 -4 -2 0 0 -1 -1 0 -1 -2 -2 0 -1 1 1 2 2 4 4 5 4 3 2 3 2 2 2 3 2 3 3 3 4 4 5 5 4 3 2 2 3 5 4 4 4 6 6 7 6 5 4 3 2 4 3 2 1 1 0 0 1 0 -1 0 -1 -2 -2 -2 -3 -3 -2 -3 -4 -5 
-62 -60 -58 -56 -54 -52 -50 -48 -46 -44 -42 -40 -38 -38 -36 -34 -32 -32 -30 -28 -28 -26 -24 -22 -20 -20 -18 -16 -16 -14 -12 -12 -12 -10 -8 -7 -7 -5 -5 -3 -1 -1 -1 -2 -1 -1 0 -1 -1 -1 0 0 1 1 3 3 4 4 3 2 2 2 3 2 2 2 2 2 2 4 3 5 4 6 5 4 3 2 4 6 5 4 5 5 6 6 5 6 5 4 3 3 2 3 2 1 0 0 0 -1 -1 -1 -2 -1 -2 -3 -4 -3 -3 -2 -3 
-63 -61 -59 -57 -55 -53 -51 -49 -47 -45 -43 -41 -39 -39 -37 -35 -33 -33 -31 -29 -29 -27 -25 -23 -21 -21 -19 -17 -17 -15 -13 -13 -13 -11 -9 -8 -8 -6 -6 -4 -2 -2 -2 -2 -1 -2 -1 -1 0 -1 -1 -1 1 0 2 2 4 3 3 2 3 2 2 2 3 2 1 1 1 3 3 4 4 5 5 4 3 2 3 5 5 4 4 4 6 5 5 5 5 4 5 4 3 2 2 1 0 1 0 -1 0 -1 -2 -2 -2 -3 -4 -3 -4 -3 -3 
-64 -62 -60 -58 -56 -54 -52 -50 -48 -46 -44 -42 -40 -38 -38 -36 -34 -32 -32 -30 -28 -28 -26 -24 -22 -20 -20 -18 -18 -16 -14 -14 -12 -12 -10 -9 -9 -7 -5 -5 -3 -3 -3 -3 -2 0 -1 -2 -1 1 0 0 0 0 1 3 3 3 2 2 2 2 1 3 2 4 3 2 2 2 2 3 5 4 6 5 5 4 3 4 6 5 4 5 5 5 6 5 6 5 4 4 5 4 3 3 2 1 0 -1 -1 1 0 -1 -2 -3 -4 -4 -2 -3 -4 
-65 -63 -61 -59 -57 -55 -53 -51 -49 -47 -45 -43 -41 -39 -39 -37 -35 -33 -33 -31 -29 -29 -27 -25 -23 -21 -21 -19 -19 -17 -15 -15 -13 -11 -11 -10 -10 -8 -6 -4 -4 -4 -4 -4 -3 -1 -1 -2 -2 0 0 1 0 -1 0 2 2 2 2 1 1 1 1 2 2 3 5 4 3 2 1 2 4 4 5 5 6 5 4 3 5 5 4 5 4 4 6 5 6 5 4 3 5 4 3 4 4 3 2 1 0 0 2 1 0 -1 -2 -3 -3 -3 -4 
-66 -64 -62 -60 -58 -56 -54 -52 -50 -48 -46 -44 -42 -40 -40 -38 -36 -34 -34 -32 -30 -30 -28 -26 -24 -22 -22 -20 -20 -18 -16 -16 -14 -12 -12 -11 -11 -9 -7 -5 -5 -5 -5 -5 -4 -2 -2 -2 -3 -1 -1 1 0 -1 -1 1 1 1 1 1 0 0 0 2 1 3 4 6 5 4 3 2 3 3 5 4 6 5 4 3 4 4 4 5 4 3 5 5 6 5 4 3 4 4 3 4 5 4 3 2 1 1 1 1 0 -1 -2 -3 -2 -3 -4 
-67 -65 -63 -61 -59 -57 -55 -53 -51 -49 -47 -45 -43 -41 -41 -39 -37 -35 -35 -33 -31 -29 -29 -27 -25 -23 -23 -21 -21 -19 -17 -17 -15 -13 -11 -12 -12 -10 -8 -6 -6 -6 -6 -6 -4 -3 -3 -3 -1 -2 -2 0 2 1 0 0 2 1 0 0 2 1 0 1 3 2 3 5 5 4 3 2 2 2 4 4 5 5 6 5 4 3 3 4 6 5 4 4 5 5 6 5 4 3 3 3 4 6 5 4 3 2 1 0 0 -1 -2 -1 -2 -3 -4 
-68 -66 -64 -62 -60 -58 -56 -54 -52 -50 -48 -46 -44 -42 -42 -40 -38 -36 -36 -34 -32 -30 -30 -28 -26 -24 -24 -22 -22 -20 -18 -18 -16 -14 -12 -12 -13 -11 -9 -7 -7 -7 -7 -7 -5 -3 -4 -4 -2 0 -1 -1 1 1 0 1 1 1 0 -1 1 1 0 1 2 4 3 4 6 5 4 3 3 2 3 3 5 4 5 5 6 5 4 4 5 5 6 5 5 4 5 5 6 5 4 4 4 5 5 4 3 4 3 2 1 0 -1 -2 0 -1 -2 
-69 -67 -65 -63 -61 -59 -57 -55 -53 -51 -49 -47 -45 -43 -43 -41 -39 -37 -37 -35 -33 -31 -31 -29 -27 -25 -25 -23 -23 -21 -19 -19 -17 -15 -13 -13 -13 -12 -10 -8 -8 -8 -8 -8 -6 -4 -4 -5 -3 -1 -1 0 0 0 0 1 0 0 0 -1 0 0 0 1 1 3 5 4 5 5 4 3 4 3 3 2 4 4 4 4 6 5 4 5 4 4 6 5 6 5 4 4 6 5 4 5 5 4 4 4 3 4 5 4 3 2 1 0 -1 -1 -2 
-70 -68 -66 -64 -62 -60 -58 -56 -54 -52 -50 -48 -46 -44 -42 -42 -40 -38 -36 -36 -34 -32 -30 -30 -28 -26 -26 -24 -22 -22 -20 -18 -18 -16 -14 -12 -12 -13 -11 -9 -9 -7 -7 -7 -7 -5 -5 -3 -4 -2 -2 -1 -1 1 0 0 0 1 1 1 0 1 0 0 0 2 4 4 4 4 6 5 4 3 2 2 3 5 4 3 5 7 6 5 4 5 5 5 5 5 4 5 5 5 6 5 4 4 5 5 4 3 4 4 5 4 3 2 1 0 0 
-71 -69 -67 -65 -63 -61 -59 -57 -55 -53 -51 -49 -47 -45 -43 -43 -41 -39 -37 -37 -35 -33 -31 -29 -29 -27 -27 -25 -23 -21 -21 -19 -17 -17 -15 -13 -13 -13 -12 -10 -10 -8 -8 -8 -8 -6 -6 -4 -4 -3 -3 -1 -2 0 0 1 0 0 0 0 0 0 0 1 0 1 3 5 5 4 5 5 6 5 4 3 3 4 4 3 4 6 6 7 6 5 6 5 6 5 4 4 6 5 5 7 6 5 4 4 4 5 4 3 4 4 3 2 3 2 1 
-72 -70 -68 -66 -64 -62 -60 -58 -56 -54 -52 -50 -48 -46 -44 -44 -42 -40 -38 -38 -36 -34 -32 -30 -30 -28 -28 -26 -24 -22 -22 -20 -18 -16 -16 -14 -14 -14 -12 -11 -11 -9 -9 -9 -9 -7 -7 -5 -5 -3 -4 -2 -2 -1 -1 1 0 -1 -1 -1 -1 -1 -1 1 0 1 2 4 6 5 4 4 6 5 6 5 4 3 3 3 4 5 5 7 6 5 6 5 6 5 4 3 5 5 4 6 8 7 6 5 4 5 6 5 4 3 3 2 3 2 1 
-73 -71 -69 -67 -65 -63 -61 -59 -57 -55 -53 -51 -49 -47 -45 -45 -43 -41 -39 -39 -37 -35 -33 -31 -31 -29 -29 -27 -25 -23 -23 -21 -19 -17 -17 -15 -15 -15 -13 -11 -12 -10 -10 -10 -10 -8 -8 -6 -6 -4 -4 -3 -3 -2 -2 0 0 -1 -2 -2 -2 -2 -2 0 0 1 2 3 5 5 4 3 5 5 6 5 6 5 4 3 4 4 4 6 6 5 6 5 6 5 4 3 4 4 4 5 7 7 6 5 4 5 6 5 4 3 2 2 3 2 1 
-74 -72 -70 -68 -66 -64 -62 -60 -58 -56 -54 -52 -50 -48 -46 -44 -44 -42 -40 -40 -38 -36 -34 -32 -32 -30 -30 -28 -26 -24 -24 -22 -20 -18 -16 -16 -16 -14 -14 -12 -12 -11 -11 -11 -9 -9 -9 -7 -5 -5 -5 -4 -2 -3 -3 -1 1 0 -1 -2 -1 -2 -3 -1 1 0 1 2 4 4 4 3 4 4 5 5 5 5 6 5 4 3 3 5 7 6 5 5 5 5 6 5 4 3 3 4 6 8 7 6 6 5 5 5 4 3 2 3 2 2 1 
-75 -73 -71 -69 -67 -65 -63 -61 -59 -57 -55 -53 -51 -49 -47 -45 -45 -43 -41 -41 -39 -37 -35 -33 -33 -31 -31 -29 -27 -25 -25 -23 -21 -19 -17 -17 -17 -15 -13 -13 -13 -12 -12 -12 -10 -8 -9 -8 -6 -4 -5 -4 -3 -3 -4 -2 0 0 -1 -2 -2 -2 -3 -2 0 2 1 2 3 3 3 3 4 3 5 4 6 5 5 5 6 5 4 4 6 6 7 6 6 5 5 5 6 5 4 4 5 7 7 6 5 7 6 5 4 3 2 2 4 3 2 
-76 -74 -72 -70 -68 -66 -64 -62 -60 -58 -56 -54 -52 -50 -48 -46 -46 -44 -42 -42 -40 -38 -36 -34 -34 -32 -32 -30 -28 -26 -26 -24 -22 -20 -18 -18 -18 -16 -14 -12 -13 -13 -13 -13 -11 -9 -9 -9 -7 -5 -5 -4 -4 -4 -4 -3 -1 -1 -1 -2 -3 -3 -3 -2 -1 1 3 2 3 2 2 2 4 3 4 4 5 5 4 4 6 5 4 5 5 5 7 6 7 6 5 4 6 5 4 5 5 6 6 6 5 6 8 7 6 5 4 3 3 3 2 
-77 -75 -73 -71 -69 -67 -65 -63 -61 -59 -57 -55 -53 -51 -49 -47 -47 -45 -43 -43 -41 -39 -37 -35 -35 -33 -33 -31 -29 -27 -27 -25 -23 -21 -19 -17 -17 -17 -15 -13 -13 -12 -12 -12 -12 -10 -10 -8 -8 -6 -6 -5 -5 -3 -4 -4 -2 0 0 0 -1 -2 -3 -3 -2 0 2 2 2 2 3 2 3 3 3 3 4 6 5 4 5 7 6 5 4 6 6 6 6 6 5 6 5 5 6 5 4 5 7 7 6 5 7 7 8 7 6 5 4 3 4 
-78 -76 -74 -72 -70 -68 -66 -64 -62 -60 -58 -56 -54 -52 -50 -48 -46 -46 -44 -42 -42 -40 -38 -36 -34 -34 -32 -32 -30 -28 -26 -26 -24 -22 -20 -18 -18 -18 -16 -14 -12 -13 -13 -13 -13 -11 -9 -9 -9 -7 -5 -6 -6 -4 -2 -3 -3 -1 -1 -1 -1 -2 -1 -2 -3 -1 1 1 1 3 2 4 3 4 3 4 3 5 5 6 5 6 8 7 6 5 5 7 6 7 6 5 5 6 5 5 4 4 6 6 6 5 6 8 7 7 6 5 4 5 4 
-79 -77 -75 -73 -71 -69 -67 -65 -63 -61 -59 -57 -55 -53 -51 -49 -47 -45 -45 -43 -41 -41 -39 -37 -35 -33 -33 -33 -31 -29 -27 -27 -25 -23 -21 -19 -19 -19 -17 -15 -13 -13 -14 -14 -14 -12 -10 -10 -10 -8 -6 -4 -5 -5 -3 -1 -2 -2 -2 -2 -2 -2 -2 0 -1 -2 0 2 2 2 2 3 5 4 5 4 5 4 4 5 7 6 7 9 8 7 6 6 8 7 6 5 6 5 5 6 6 5 5 5 5 7 6 7 7 6 6 5 6 5 4 
-80 -78 -76 -74 -72 -70 -68 -66 -64 -62 -60 -58 -56 -54 -52 -50 -48 -46 -46 -44 -42 -42 -40 -38 -36 -34 -34 -34 -32 -30 -28 -28 -26 -24 -22 -20 -20 -20 -18 -16 -14 -14 -14 -15 -15 -13 -11 -11 -11 -9 -7 -5 -5 -6 -4 -2 -2 -3 -3 -3 -3 -3 -3 -1 -1 0 -1 1 3 2 1 2 4 4 5 4 5 4 3 4 6 6 6 8 8 7 8 7 7 7 6 5 6 5 4 6 7 6 5 4 4 6 8 7 6 6 5 5 6 5 4 
-81 -79 -77 -75 -73 -71 -69 -67 -65 -63 -61 -59 -57 -55 -53 -51 -49 -47 -47 -45 -43 -43 -41 -39 -37 -35 -35 -35 -33 -31 -29 -29 -27 -25 -23 -21 -21 -21 -19 -17 -15 -15 -15 -15 -16 -14 -12 -12 -12 -10 -8 -6 -6 -6 -5 -3 -3 -3 -4 -4 -4 -4 -4 -2 -2 0 1 0 2 2 1 1 3 3 5 4 5 4 3 3 5 5 5 7 7 7 8 7 8 7 6 5 6 5 4 5 7 6 5 4 3 5 7 7 6 5 5 4 6 5 4 
-82 -80 -78 -76 -74 -72 -70 -68 -66 -64 -62 -60 -58 -56 -54 -52 -50 -48 -48 -46 -44 -42 -42 -40 -38 -36 -36 -34 -34 -32 -30 -30 -28 -26 -24 -22 -22 -20 -20 -18 -16 -16 -16 -16 -14 -15 -13 -13 -11 -11 -9 -7 -5 -6 -6 -4 -2 -3 -4 -5 -3 -4 -5 -3 -1 -1 0 0 1 1 1 0 2 2 4 4 4 4 5 4 4 4 4 6 8 7 7 7 7 7 8 7 6 5 4 4 6 8 7 6 5 4 6 6 6 5 4 6 5 5 4 
-83 -81 -79 -77 -75 -73 -71 -69 -67 -65 -63 -61 -59 -57 -55 -53 -51 -49 -49 -47 -45 -43 -43 -41 -39 -37 -37 -35 -35 -33 -31 -31 -29 -27 -25 -23 -23 -21 -19 -19 -17 -17 -17 -17 -15 -13 -14 -14 -12 -10 -10 -8 -6 -6 -7 -5 -3 -3 -4 -5 -4 -4 -5 -4 -2 0 0 1 1 0 0 0 1 1 3 3 5 4 4 4 5 4 3 5 7 7 8 7 8 7 7 7 8 7 6 5 5 7 7 6 5 6 5 5 5 5 4 5 7 6 5 
-84 -82 -80 -78 -76 -74 -72 -70 -68 -66 -64 -62 -60 -58 -56 -54 -52 -50 -50 -48 -46 -44 -44 -42 -40 -38 -38 -36 -36 -34 -32 -32 -30 -28 -26 -24 -24 -22 -20 -18 -18 -18 -18 -18 -16 -14 -14 -15 -13 -11 -11 -9 -7 -7 -7 -6 -4 -4 -4 -5 -5 -5 -5 -4 -3 -1 1 1 2 1 0 -1 1 0 2 2 4 4 3 3 5 4 3 4 6 6 8 7 8 7 6 6 8 7 6 7 6 6 6 6 5 6 7 6 5 4 4 4 6 6 5 
-85 -83 -81 -79 -77 -75 -73 -71 -69 -67 -65 -63 -61 -59 -57 -55 -53 -51 -49 -49 -47 -45 -43 -43 -41 -39 -39 -37 -35 -35 -33 -31 -31 -29 -27 -25 -23 -23 -21 -19 -19 -17 -17 -17 -17 -15 -15 -13 -14 -12 -12 -10 -8 -6 -7 -7 -5 -3 -3 -3 -4 -4 -5 -5 -4 -2 0 0 1 1 2 1 0 0 1 1 3 5 4 3 4 6 5 4 5 7 7 7 7 7 6 7 7 7 8 7 6 5 7 7 6 5 6 6 7 6 5 4 5 5 7 
-86 -84 -82 -80 -78 -76 -74 -72 -70 -68 -66 -64 -62 -60 -58 -56 -54 -52 -50 -50 -48 -46 -44 -42 -42 -40 -40 -38 -36 -34 -34 -32 -30 -30 -28 -26 -24 -24 -22 -20 -20 -18 -18 -18 -18 -16 -16 -14 -14 -13 -13 -11 -9 -7 -7 -6 -6 -4 -4 -4 -4 -5 -5 -4 -5 -3 -1 1 1 0 1 1 2 1 1 0 2 4 4 3 4 5 5 6 5 6 8 7 8 7 6 6 8 7 7 9 8 7 6 6 6 7 6 5 6 6 5 4 5 4 6 
-87 -85 -83 -81 -79 -77 -75 -73 -71 -69 -67 -65 -63 -61 -59 -57 -55 -53 -51 -51 -49 -47 -45 -43 -43 -41 -41 -39 -37 -35 -35 -33 -31 -29 -29 -27 -25 -25 -23 -21 -21 -19 -19 -19 -19 -17 -17 -15 -15 -13 -14 -12 -10 -8 -8 -6 -7 -5 -5 -5 -5 -5 -6 -4 -5 -4 -2 0 2 1 0 0 2 1 2 1 1 3 3 3 4 4 4 6 5 5 7 7 8 7 6 5 7 7 6 8 10 9 8 7 6 7 8 7 6 5 5 4 5 4 5 
-88 -86 -84 -82 -80 -78 -76 -74 -72 -70 -68 -66 -64 -62 -60 -58 -56 -54 -52 -52 -50 -48 -46 -44 -44 -42 -42 -40 -38 -36 -36 -34 -32 -30 -30 -28 -26 -26 -24 -22 -22 -20 -20 -20 -20 -18 -18 -16 -16 -14 -14 -13 -11 -9 -9 -7 -7 -6 -6 -6 -6 -6 -6 -5 -5 -4 -3 -1 1 1 0 -1 1 1 2 1 2 2 2 2 4 3 3 5 5 4 6 6 8 7 6 5 6 6 6 7 9 9 8 7 6 7 8 7 6 5 4 4 5 4 4 
-89 -87 -85 -83 -81 -79 -77 -75 -73 -71 -69 -67 -65 -63 -61 -59 -57 -55 -53 -53 -51 -49 -47 -45 -45 -43 -43 -41 -39 -37 -37 -35 -33 -31 -29 -29 -27 -25 -25 -23 -23 -21 -21 -21 -19 -19 -19 -17 -15 -15 -15 -14 -12 -10 -10 -8 -6 -7 -7 -7 -5 -6 -7 -6 -4 -5 -4 -2 0 0 0 -1 0 0 1 1 1 1 3 2 3 3 2 4 6 5 5 5 7 7 8 7 6 5 5 6 8 10 9 8 8 7 7 7 6 5 4 5 4 4 3 
-90 -88 -86 -84 -82 -80 -78 -76 -74 -72 -70 -68 -66 -64 -62 -60 -58 -56 -54 -54 -52 -50 -48 -46 -46 -44 -44 -42 -40 -38 -38 -36 -34 -32 -30 -30 -28 -26 -24 -24 -24 -22 -22 -22 -20 -18 -19 -18 -16 -14 -15 -14 -13 -11 -11 -9 -7 -7 -8 -8 -6 -6 -7 -6 -5 -3 -4 -3 -1 -1 -1 -1 0 -1 1 0 2 1 2 2 3 2 2 3 5 5 6 5 6 6 7 7 8 7 6 6 7 9 9 8 7 9 8 7 6 5 4 4 6 5 4 
-91 -89 -87 -85 -83 -81 -79 -77 -75 -73 -71 -69 -67 -65 -63 -61 -59 -57 -55 -55 -53 -51 -49 -47 -47 -45 -45 -43 -41 -39 -39 -37 -35 -33 -31 -31 -29 -27 -25 -23 -24 -23 -23 -23 -21 -19 -19 -19 -17 -15 -15 -14 -14 -12 -12 -10 -8 -8 -8 -9 -7 -7 -7 -6 -6 -4 -2 -3 -2 -2 -2 -2 0 -1 0 0 1 1 1 1 3 2 1 3 4 4 6 5 6 5 6 6 8 7 6 7 7 8 8 8 7 8 10 9 8 7 6 5 5 5 4 
-92 -90 -88 -86 -84 -82 -80 -78 -76 -74 -72 -70 -68 -66 -64 -62 -60 -58 -56 -56 -54 -52 -50 -48 -48 -46 -46 -44 -42 -40 -40 -38 -36 -34 -32 -30 -30 -28 -26 -24 -24 -23 -22 -22 -22 -20 -20 -18 -18 -16 -16 -15 -15 -13 -13 -11 -9 -7 -7 -7 -8 -6 -7 -7 -7 -5 -3 -3 -3 -3 -1 -2 -1 -1 -1 -1 0 2 1 0 2 4 3 2 3 5 5 5 5 5 5 7 7 7 8 7 6 7 9 9 8 7 9 9 10 9 8 7 6 5 6 
-93 -91 -89 -87 -85 -83 -81 -79 -77 -75 -73 -71 -69 -67 -65 -63 -61 -59 -57 -55 -55 -53 -51 -49 -47 -47 -45 -45 -43 -41 -39 -39 -37 -35 -33 -31 -31 -29 -27 -25 -23 -24 -23 -23 -23 -21 -19 -19 -19 -17 -15 -16 -16 -14 -12 -12 -10 -8 -8 -8 -8 -7 -5 -6 -7 -6 -4 -4 -4 -2 -2 0 -1 0 -1 0 -1 1 1 2 1 3 5 4 3 4 4 6 5 6 5 6 6 8 7 7 6 6 8 8 8 7 8 10 9 9 8 7 6 7 6 
-94 -92 -90 -88 -86 -84 -82 -80 -78 -76 -74 -72 -70 -68 -66 -64 -62 -60 -58 -56 -54 -54 -52 -50 -48 -46 -46 -46 -44 -42 -40 -40 -38 -36 -34 -32 -32 -30 -28 -26 -24 -24 -24 -24 -24 -22 -20 -20 -20 -18 -16 -14 -15 -15 -13 -11 -11 -9 -9 -9 -9 -8 -6 -4 -5 -6 -5 -3 -3 -3 -3 -1 1 0 1 0 1 0 0 1 3 2 4 6 5 4 5 5 7 6 5 5 7 7 7 8 8 7 7 7 7 9 8 9 9 8 8 7 8 7 6 
-95 -93 -91 -89 -87 -85 -83 -81 -79 -77 -75 -73 -71 -69 -67 -65 -63 -61 -59 -57 -55 -55 -53 -51 -49 -47 -47 -47 -45 -43 -41 -41 -39 -37 -35 -33 -33 -31 -29 -27 -25 -25 -25 -25 -25 -23 -21 -21 -21 -19 -17 -15 -15 -16 -14 -12 -12 -10 -10 -10 -10 -9 -7 -5 -5 -4 -5 -4 -2 -3 -4 -2 0 0 1 0 1 0 -1 0 2 2 3 5 5 4 5 4 6 6 5 4 6 6 6 8 9 8 7 6 6 8 10 9 8 8 7 7 8 7 6 
-96 -94 -92 -90 -88 -86 -84 -82 -80 -78 -76 -74 -72 -70 -68 -66 -64 -62 -60 -58 -56 -56 -54 -52 -50 -48 -48 -48 -46 -44 -42 -42 -40 -38 -36 -34 -34 -32 -30 -28 -26 -26 -26 -26 -26 -24 -22 -22 -22 -20 -18 -16 -16 -16 -15 -13 -13 -11 -11 -11 -11 -10 -8 -6 -6 -4 -3 -4 -3 -3 -4 -3 -1 -1 1 0 1 0 -1 -1 1 1 2 4 4 4 5 4 5 5 5 4 5 5 5 7 9 8 7 6 5 7 9 9 8 7 7 6 8 7 6 
-97 -95 -93 -91 -89 -87 -85 -83 -81 -79 -77 -75 -73 -71 -69 -67 -65 -63 -61 -59 -57 -55 -55 -53 -51 -49 -49 -47 -47 -45 -43 -43 -41 -39 -37 -35 -35 -33 -31 -29 -27 -27 -27 -27 -25 -25 -23 -23 -21 -21 -19 -17 -15 -16 -16 -14 -12 -12 -12 -12 -10 -11 -9 -7 -5 -5 -4 -4 -4 -4 -4 -4 -2 -2 0 0 0 0 1 0 0 0 1 3 5 4 4 4 4 4 6 5 4 4 4 6 8 10 9 8 7 6 8 8 8 7 6 8 7 7 6 
-98 -96 -94 -92 -90 -88 -86 -84 -82 -80 -78 -76 -74 -72 -70 -68 -66 -64 -62 -60 -58 -56 -56 -54 -52 -50 -50 -48 -48 -46 -44 -44 -42 -40 -38 -36 -36 -34 -32 -30 -28 -28 -28 -28 -26 -24 -24 -24 -22 -20 -20 -18 -16 -16 -17 -15 -13 -13 -13 -13 -11 -11 -10 -8 -6 -4 -4 -3 -3 -4 -5 -5 -3 -3 -1 -1 1 0 0 0 1 0 0 2 4 4 5 4 5 4 5 5 6 5 4 5 7 9 9 8 7 8 7 7 7 7 6 7 9 8 7 
-99 -97 -95 -93 -91 -89 -87 -85 -83 -81 -79 -77 -75 -73 -71 -69 -67 -65 -63 -61 -59 -57 -57 -55 -53 -51 -51 -49 -49 -47 -45 -45 -43 -41 -39 -37 -37 -35 -33 -31 -29 -29 -29 -29 -27 -25 -25 -25 -23 -21 -21 -19 -17 -17 -17 -16 -14 -14 -14 -14 -12 -12 -11 -9 -7 -5 -3 -3 -2 -3 -4 -5 -4 -4 -2 -2 0 0 -1 -1 1 0 -1 1 3 3 5 4 5 4 4 4 6 5 4 5 6 8 8 8 7 8 9 8 7 6 6 6 8 8 7 
-100 -98 -96 -94 -92 -90 -88 -86 -84 -82 -80 -78 -76 -74 -72 -70 -68 -66 -64 -62 -60 -58 -56 -56 -54 -52 -52 -50 -48 -48 -46 -44 -44 -42 -40 -38 -36 -36 -34 -32 -30 -28 -28 -28 -28 -26 -26 -24 -24 -22 -22 -20 -18 -16 -17 -17 -15 -13 -13 -13 -13 -11 -12 -10 -8 -6 -4 -4 -3 -3 -2 -3 -4 -5 -3 -3 -1 1 0 -1 0 2 1 0 2 4 4 4 4 4 3 5 5 5 6 5 5 7 9 9 8 7 8 8 9 8 7 6 7 7 9 
-101 -99 -97 -95 -93 -91 -89 -87 -85 -83 -81 -79 -77 -75 -73 -71 -69 -67 -65 -63 -61 -59 -57 -55 -55 -53 -53 -51 -49 -47 -47 -45 -43 -43 -41 -39 -37 -37 -35 -33 -31 -29 -29 -29 -29 -27 -27 -25 -25 -23 -23 -21 -19 -17 -17 -16 -16 -14 -14 -14 -14 -12 -12 -11 -9 -7 -5 -3 -3 -4 -3 -3 -2 -3 -4 -4 -2 0 0 -1 0 1 1 2 1 3 5 4 5 4 3 4 6 5 5 7 6 6 8 8 8 9 8 7 8 8 7 6 7 6 8 
-102 -100 -98 -96 -94 -92 -90 -88 -86 -84 -82 -80 -78 -76 -74 -72 -70 -68 -66 -64 -62 -60 -58 -56 -56 -54 -54 -52 -50 -48 -48 -46 -44 -42 -42 -40 -38 -38 -36 -34 -32 -30 -30 -30 -30 -28 -28 -26 -26 -24 -24 -22 -20 -18 -18 -16 -17 -15 -15 -15 -15 -13 -13 -11 -10 -8 -6 -4 -2 -3 -4 -4 -2 -3 -2 -3 -3 -1 -1 -1 0 0 0 2 1 2 4 4 5 4 3 3 5 5 4 6 8 7 7 7 7 9 10 9 8 7 7 6 7 6 7 
-103 -101 -99 -97 -95 -93 -91 -89 -87 -85 -83 -81 -79 -77 -75 -73 -71 -69 -67 -65 -63 -61 -59 -57 -57 -55 -55 -53 -51 -49 -49 -47 -45 -43 -43 -41 -39 -39 -37 -35 -33 -31 -31 -31 -31 -29 -29 -27 -27 -25 -25 -23 -21 -19 -19 -17 -17 -16 -16 -16 -16 -14 -14 -12 -11 -9 -7 -5 -3 -3 -4 -5 -3 -3 -2 -3 -2 -2 -2 -2 0 -1 -1 1 1 1 3 3 5 4 3 2 4 4 4 5 7 7 6 6 6 8 10 9 8 7 6 6 7 6 6 
-104 -102 -100 -98 -96 -94 -92 -90 -88 -86 -84 -82 -80 -78 -76 -74 -72 -70 -68 -66 -64 -62 -60 -58 -58 -56 -56 -54 -52 -50 -50 -48 -46 -44 -42 -42 -40 -38 -38 -36 -34 -32 -32 -32 -30 -30 -30 -28 -26 -26 -26 -24 -22 -20 -20 -18 -16 -17 -17 -17 -15 -15 -15 -13 -11 -10 -8 -6 -4 -4 -4 -5 -4 -4 -3 -3 -3 -3 -1 -2 -1 -1 -2 0 2 1 2 2 4 4 5 4 3 3 3 4 6 8 7 6 7 7 9 9 8 7 6 7 6 6 5 
-105 -103 -101 -99 -97 -95 -93 -91 -89 -87 -85 -83 -81 -79 -77 -75 -73 -71 -69 -67 -65 -63 -61 -59 -59 -57 -57 -55 -53 -51 -51 -49 -47 -45 -43 -43 -41 -39 -37 -37 -35 -33 -33 -33 -31 -29 -30 -29 -27 -25 -26 -25 -23 -21 -21 -19 -17 -17 -18 -18 -16 -16 -16 -14 -12 -10 -9 -7 -5 -5 -5 -5 -4 -5 -3 -4 -2 -3 -2 -2 -1 -2 -2 -1 1 1 2 1 3 3 4 4 5 4 3 4 5 7 7 6 6 8 8 8 8 7 6 6 8 7 6 
-106 -104 -102 -100 -98 -96 -94 -92 -90 -88 -86 -84 -82 -80 -78 -76 -74 -72 -70 -68 -66 -64 -62 -60 -60 -58 -58 -56 -54 -52 -52 -50 -48 -46 -44 -44 -42 -40 -38 -36 -36 -34 -34 -34 -32 -30 -30 -30 -28 -26 -26 -25 -24 -22 -22 -20 -18 -18 -18 -19 -17 -17 -17 -15 -13 -11 -9 -8 -6 -6 -6 -6 -4 -5 -4 -4 -3 -3 -3 -3 -1 -2 -3 -1 0 0 2 1 2 2 3 3 5 4 3 4 5 6 6 6 5 7 9 8 7 7 6 5 7 7 6 
-107 -105 -103 -101 -99 -97 -95 -93 -91 -89 -87 -85 -83 -81 -79 -77 -75 -73 -71 -69 -67 -65 -63 -61 -61 -59 -59 -57 -55 -53 -53 -51 -49 -47 -45 -43 -43 -41 -39 -37 -37 -35 -33 -33 -33 -31 -31 -29 -29 -27 -27 -26 -25 -23 -23 -21 -19 -17 -17 -17 -18 -16 -17 -16 -14 -12 -10 -9 -7 -7 -5 -6 -5 -5 -5 -5 -4 -2 -3 -4 -2 0 -1 -2 -1 1 1 1 1 1 2 4 4 4 5 4 4 5 7 7 6 6 8 8 9 8 8 7 6 6 8 
-108 -106 -104 -102 -100 -98 -96 -94 -92 -90 -88 -86 -84 -82 -80 -78 -76 -74 -72 -70 -68 -66 -64 -62 -60 -60 -58 -58 -56 -54 -52 -52 -50 -48 -46 -44 -44 -42 -40 -38 -36 -36 -34 -34 -34 -32 -30 -30 -30 -28 -26 -27 -26 -24 -22 -22 -20 -18 -18 -18 -18 -17 -15 -16 -15 -13 -11 -10 -8 -6 -6 -4 -5 -4 -5 -4 -5 -3 -3 -2 -3 -1 1 0 -1 0 0 2 1 2 1 3 3 5 4 4 3 4 6 6 6 5 7 9 8 8 7 7 6 7 7 
-109 -107 -105 -103 -101 -99 -97 -95 -93 -91 -89 -87 -85 -83 -81 -79 -77 -75 -73 -71 -69 -67 -65 -63 -61 -59 -59 -59 -57 -55 -53 -53 -51 -49 -47 -45 -45 -43 -41 -39 -37 -37 -35 -35 -35 -33 -31 -31 -31 -29 -27 -25 -26 -25 -23 -21 -21 -19 -19 -19 -19 -18 -16 -14 -15 -14 -12 -10 -9 -7 -7 -5 -3 -4 -3 -4 -3 -4 -4 -3 -1 -2 0 2 1 0 1 1 3 2 1 2 4 4 4 5 5 4 5 5 5 7 6 8 8 7 7 6 8 7 6 
-110 -108 -106 -104 -102 -100 -98 -96 -94 -92 -90 -88 -86 -84 -82 -80 -78 -76 -74 -72 -70 -68 -66 -64 -62 -60 -60 -60 -58 -56 -54 -54 -52 -50 -48 -46 -46 -44 -42 -40 -38 -38 -36 -36 -36 -34 -32 -32 -32 -30 -28 -26 -26 -26 -24 -22 -22 -20 -20 -20 -20 -19 -17 -15 -15 -15 -13 -11 -10 -8 -8 -6 -4 -4 -4 -4 -4 -4 -5 -4 -2 -2 -1 1 1 0 0 0 2 2 1 1 3 3 3 4 4 4 4 4 4 6 6 7 7 7 6 6 7 7 6 
Aligned Sequence 1: -GGGAGGT-G-G-G-AGGTCGGGAGGTG-GGA-GGTCGG--GAGG-TGGGAGGTCGGGAGGTGGGAGGTCA-C-AGGGAGGT-G-G-G-AGGTCGGGAGGTG-GGAGGTCGGGAGGTGGGAGGTCG-a
Aligned Sequence 2: AGGG-GCTCGCGCGTACGTC--GA--TGCGCATGCT-GGATTAGGCT-TTAGCTAGCGA--T-CGA-TTTATCGAGGG-GCTCGCGCGTACGTC--GA--TGCGCATG-CTGGA-TTAGGCTTTAGCT
HELLO THERE, i am nw1
Number of blocks: 2
Number of Threads: 110
0 -1 -2 -3 -4 -5 -6 -7 -8 -9 -10 -11 -12 -13 -14 -15 -16 -17 -18 -19 -20 -21 -22 -23 -24 -25 -26 -27 -28 -29 -30 -31 -32 -33 -34 -35 -36 -37 -38 -39 -40 -41 -42 -43 -44 -45 -46 -47 -48 -49 -50 -51 -52 -53 -54 -55 -56 -57 -58 -59 -60 -61 -62 -63 -64 -65 -66 -67 -68 -69 -70 -71 -72 -73 -74 -75 -76 -77 -78 -79 -80 -81 -82 -83 -84 -85 -86 -87 -88 -89 -90 -91 -92 -93 -94 -95 -96 -97 -98 -99 -100 -101 -102 -103 -104 -105 -106 -107 -108 -109 -110 
-1 -1 0 -1 -2 -3 -4 -5 -6 -7 -8 -9 -10 -11 -12 -13 -14 -15 -16 -17 -18 -19 -20 -21 -22 -23 -24 -25 -26 -27 -28 -29 -30 -31 -32 -33 -34 -35 -36 -37 -38 -39 -40 -41 -42 -43 -44 -45 -46 -47 -48 -49 -50 -51 -52 -53 -54 -55 -56 -57 -58 -59 -60 -61 -62 -1 -2 -3 -4 -5 -6 -7 -8 -9 -10 -11 -12 -13 -14 -15 -16 -17 -18 -19 -20 -21 -22 -23 -24 -25 -26 -27 -28 -29 -30 -31 -32 -33 -34 -35 -36 -37 -38 -39 -40 -41 -42 -43 -44 -45 -46 
-2 -2 0 1 0 -1 -2 -3 -4 -5 -6 -7 -8 -9 -10 -11 -12 -13 -14 -15 -16 -17 -18 -19 -20 -21 -22 -23 -24 -25 -26 -27 -28 -29 -30 -31 -32 -33 -34 -35 -36 -37 -38 -39 -40 -41 -42 -43 -44 -45 -46 -47 -48 -49 -50 -51 -52 -53 -54 -55 -56 -57 -58 -59 -60 1 0 -1 -2 -3 -4 -5 -6 -7 -8 -9 -10 -11 -12 -13 -14 -15 -16 -17 -18 -19 -20 -21 -22 -23 -24 -25 -26 -27 -28 -29 -30 -31 -32 -33 -34 -35 -36 -37 -38 -39 -40 -41 -42 -43 -44 
-3 -3 -1 1 2 1 0 -1 -2 -3 -4 -5 -6 -7 -8 -9 -10 -11 -12 -13 -14 -15 -16 -17 -18 -19 -20 -21 -22 -23 -24 -25 -26 -27 -28 -29 -30 -31 -32 -33 -34 -35 -36 -37 -38 -39 -40 -41 -42 -43 -44 -45 -46 -47 -48 -49 -50 -51 -52 -53 -54 -55 -56 -57 -58 1 2 1 0 -1 -2 -3 -4 -5 -6 -7 -8 -9 -10 -11 -12 -13 -14 -15 -16 -17 -18 -19 -20 -21 -22 -23 -24 -25 -26 -27 -28 -29 -30 -31 -32 -33 -34 -35 -36 -37 -38 -39 -40 -41 -42 
-4 -2 -2 0 1 1 0 -1 -2 -3 -4 -5 -6 -7 -8 -7 -8 -9 -10 -11 -12 -13 -14 -15 -16 -17 -18 -19 -20 -21 -22 -23 -24 -25 -26 -27 -28 -29 -30 -31 -32 -33 -34 -35 -36 -37 -38 -39 -40 -41 -42 -43 -44 -45 -46 -47 -48 -49 -50 -51 -52 -53 -54 -55 -56 0 1 1 0 -1 -2 -3 -4 -5 -6 -7 -8 -9 -8 -9 -10 -11 -12 -13 -14 -15 -16 -17 -18 -19 -20 -21 -22 -23 -24 -25 -26 -27 -28 -29 -30 -31 -32 -33 -34 -35 -36 -37 -38 -39 -40 
-5 -3 -1 -1 1 2 1 0 -1 -1 -2 -3 -4 -5 -6 -7 -8 -7 -8 -9 -10 -11 -12 -13 -14 -15 -16 -17 -18 -19 -20 -21 -22 -23 -24 -25 -26 -27 -28 -29 -30 -31 -32 -33 -34 -35 -36 -37 -38 -39 -40 -41 -42 -43 -44 -45 -46 -47 -48 -49 -50 -51 -52 -53 -54 1 1 2 2 1 0 -1 -2 -3 -4 -5 -6 -7 -8 -9 -8 -9 -10 -11 -12 -13 -14 -15 -16 -17 -18 -19 -20 -21 -22 -23 -24 -25 -26 -27 -28 -29 -30 -31 -32 -33 -34 -35 -36 -37 -38 
-6 -4 -2 0 0 2 1 0 -1 0 -1 -1 -2 -3 -4 -5 -6 -7 -8 -9 -8 -9 -10 -11 -12 -13 -14 -15 -16 -17 -18 -19 -20 -21 -22 -23 -24 -25 -26 -27 -28 -29 -30 -31 -32 -33 -34 -35 -36 -37 -38 -39 -40 -41 -42 -43 -44 -45 -46 -47 -48 -49 -50 -51 -52 1 2 2 3 2 1 0 0 -1 -2 -3 -4 -5 -6 -7 -8 -9 -10 -9 -10 -11 -12 -13 -14 -15 -16 -17 -18 -19 -20 -21 -22 -23 -24 -25 -26 -27 -28 -29 -30 -31 -32 -33 -34 -35 -36 
-7 -5 -3 -1 -1 1 1 2 1 0 -1 -2 -2 -3 -2 -3 -4 -5 -6 -7 -8 -9 -8 -9 -10 -11 -12 -13 -14 -15 -16 -17 -18 -19 -20 -21 -22 -23 -24 -25 -26 -27 -28 -29 -30 -31 -32 -33 -34 -35 -36 -37 -38 -39 -40 -41 -42 -43 -44 -45 -46 -47 -48 -49 -50 0 1 1 2 2 3 2 1 0 -1 -2 -3 -3 -4 -5 -6 -7 -8 -9 -10 -9 -10 -11 -12 -13 -14 -15 -16 -17 -18 -19 -20 -21 -22 -23 -24 -25 -26 -27 -28 -29 -30 -31 -32 -33 -34 
-8 -6 -4 -2 0 0 0 1 1 2 1 0 -1 -1 -2 -3 -4 -3 -4 -5 -6 -7 -8 -7 -8 -9 -10 -11 -12 -13 -14 -15 -16 -17 -18 -19 -20 -21 -22 -23 -24 -25 -26 -27 -28 -29 -30 -31 -32 -33 -34 -35 -36 -37 -38 -39 -40 -41 -42 -43 -44 -45 -46 -47 -48 1 1 2 2 1 2 2 3 2 1 0 -1 -2 -3 -4 -4 -5 -6 -7 -8 -9 -8 -9 -10 -11 -12 -13 -14 -15 -16 -17 -18 -19 -20 -21 -22 -23 -24 -25 -26 -27 -28 -29 -30 -31 -32 
-9 -7 -5 -3 -1 1 0 0 0 2 1 2 1 0 -1 -2 -3 -3 -4 -5 -4 -5 -6 -7 -8 -7 -8 -9 -10 -11 -12 -13 -14 -15 -16 -17 -18 -19 -20 -21 -22 -23 -24 -25 -26 -27 -28 -29 -30 -31 -32 -33 -34 -35 -36 -37 -38 -39 -40 -41 -42 -43 -44 -45 -46 1 2 2 3 2 1 1 3 2 3 2 1 0 -1 -2 -3 -4 -5 -5 -6 -7 -8 -9 -8 -9 -10 -11 -12 -13 -14 -15 -16 -17 -18 -19 -20 -21 -22 -23 -24 -25 -26 -27 -28 -29 -30 
-10 -8 -6 -4 -2 0 0 -1 -1 1 1 2 1 2 1 0 -1 -2 -3 -4 -4 -5 -6 -5 -6 -7 -8 -9 -10 -9 -10 -11 -12 -13 -14 -15 -16 -17 -18 -19 -20 -21 -22 -23 -24 -25 -26 -27 -28 -29 -30 -31 -32 -33 -34 -35 -36 -37 -38 -39 -40 -41 -42 -43 -44 1 2 3 3 2 1 0 2 2 3 2 3 2 1 0 -1 -2 -3 -4 -5 -6 -6 -7 -8 -9 -10 -11 -10 -11 -12 -13 -14 -15 -16 -17 -18 -19 -20 -21 -22 -23 -24 -25 -26 -27 -28 
-11 -9 -7 -5 -3 -1 -1 -1 -2 0 0 1 1 1 1 2 1 0 -1 -2 -3 -3 -4 -5 -6 -7 -8 -7 -8 -9 -10 -11 -12 -13 -12 -13 -14 -15 -16 -17 -18 -19 -20 -21 -22 -23 -24 -25 -26 -27 -28 -29 -30 -31 -32 -33 -34 -35 -36 -37 -38 -39 -40 -41 -42 0 1 2 2 2 1 0 1 1 2 2 2 2 3 2 1 0 -1 -2 -3 -4 -5 -6 -7 -8 -8 -9 -10 -11 -12 -13 -14 -13 -14 -15 -16 -17 -18 -19 -20 -21 -22 -23 -24 -25 -26 
-12 -10 -8 -6 -4 -2 -2 -2 -2 -1 -1 1 0 2 1 1 1 2 1 0 -1 -2 -3 -3 -4 -5 -6 -7 -8 -7 -8 -9 -10 -11 -12 -13 -14 -15 -14 -15 -16 -17 -18 -19 -20 -21 -22 -23 -24 -25 -26 -27 -28 -29 -30 -31 -32 -33 -34 -35 -36 -37 -38 -39 -40 1 1 2 3 2 1 0 1 0 2 1 3 2 2 2 3 2 1 0 -1 -2 -3 -4 -5 -6 -7 -8 -8 -9 -10 -11 -12 -13 -14 -15 -16 -15 -16 -17 -18 -19 -20 -21 -22 -23 -24 
-13 -11 -9 -7 -5 -3 -3 -3 -3 -1 -2 0 0 1 1 0 0 2 1 0 1 0 -1 -2 -3 -3 -4 -5 -6 -7 -8 -9 -8 -9 -10 -11 -12 -13 -14 -13 -14 -15 -16 -17 -18 -19 -20 -21 -22 -23 -24 -25 -26 -27 -28 -29 -30 -31 -32 -33 -34 -35 -36 -37 -38 1 2 2 3 2 1 0 1 0 1 1 2 2 1 1 3 2 1 2 1 0 -1 -2 -3 -4 -5 -6 -7 -8 -9 -9 -10 -11 -12 -13 -14 -15 -14 -15 -16 -17 -18 -19 -20 -21 -22 
-14 -12 -10 -8 -6 -4 -4 -2 -3 -2 -2 -1 -1 0 2 1 0 1 3 2 1 0 1 0 -1 -2 -3 -4 -4 -5 -6 -7 -8 -9 -10 -9 -10 -11 -12 -13 -14 -13 -14 -15 -16 -17 -18 -19 -20 -21 -22 -23 -24 -25 -26 -27 -28 -29 -30 -31 -32 -33 -34 -35 -36 0 1 1 2 2 3 2 1 0 0 0 1 3 2 1 2 4 3 2 1 2 1 0 -1 -2 -3 -4 -5 -6 -7 -8 -9 -10 -10 -11 -12 -13 -14 -15 -14 -15 -16 -17 -18 -19 -20 
-15 -13 -11 -9 -7 -5 -3 -3 -1 -2 -1 -2 0 -1 1 1 2 1 2 4 3 2 1 0 1 0 -1 -2 -3 -4 -4 -5 -6 -7 -8 -9 -10 -11 -12 -13 -12 -13 -14 -15 -16 -17 -16 -17 -18 -19 -20 -21 -22 -23 -24 -25 -26 -27 -28 -29 -30 -31 -32 -33 -34 -1 0 0 1 3 2 4 3 2 1 1 0 2 2 3 2 3 5 4 3 2 1 2 1 0 -1 -2 -3 -4 -5 -6 -7 -8 -9 -10 -11 -12 -13 -13 -14 -15 -16 -17 -18 -17 -18 
-16 -14 -12 -10 -8 -6 -4 -4 -2 0 -1 0 -1 1 0 0 1 3 2 3 5 4 3 2 1 2 1 0 -1 -2 -3 -4 -4 -5 -6 -7 -8 -9 -10 -11 -12 -13 -14 -15 -16 -15 -16 -17 -18 -17 -18 -19 -20 -21 -22 -23 -24 -25 -26 -27 -28 -29 -30 -31 -32 1 0 1 1 2 2 3 5 4 3 2 2 1 1 2 4 3 4 6 5 4 3 2 3 2 1 0 -1 -2 -3 -4 -5 -6 -7 -8 -9 -10 -11 -12 -13 -14 -15 -16 -16 -17 -18 
-17 -15 -13 -11 -9 -7 -5 -5 -3 -1 -1 0 -1 0 0 -1 0 2 2 2 4 4 3 4 3 2 1 0 -1 0 -1 -2 -3 -3 -4 -5 -6 -7 -8 -9 -10 -11 -12 -13 -14 -15 -16 -17 -18 -17 -18 -17 -18 -19 -20 -21 -22 -23 -24 -25 -26 -27 -28 -29 -30 1 2 1 2 1 1 2 4 4 5 4 3 2 1 1 3 3 3 5 5 4 5 4 3 2 1 0 1 0 -1 -2 -3 -4 -5 -6 -7 -8 -9 -10 -11 -12 -13 -14 -15 -16 -17 
-18 -16 -14 -12 -10 -8 -6 -6 -4 -2 -2 0 -1 0 -1 -1 -1 1 1 1 3 3 3 4 3 4 3 2 1 0 -1 -2 -1 -2 -3 -4 -5 -6 -6 -7 -8 -9 -10 -11 -12 -13 -14 -15 -16 -17 -18 -17 -18 -19 -20 -19 -20 -21 -22 -23 -24 -25 -26 -27 -28 1 2 3 2 1 0 1 3 3 5 4 5 4 3 2 2 2 2 4 4 4 5 4 5 4 3 2 1 0 -1 0 -1 -2 -3 -4 -5 -6 -7 -8 -9 -10 -11 -12 -13 -14 -15 
-19 -17 -15 -13 -11 -9 -7 -7 -5 -3 -3 -1 -1 -1 -1 0 -1 0 0 0 2 4 3 3 3 3 3 4 3 2 1 0 -1 -2 -1 -2 -3 -4 -5 -6 -7 -8 -9 -10 -10 -11 -12 -13 -14 -15 -16 -17 -16 -17 -18 -19 -18 -19 -20 -21 -22 -23 -24 -25 -26 0 1 2 2 1 0 0 2 2 4 4 4 4 5 4 3 2 1 3 5 4 4 4 4 4 5 4 3 2 1 0 -1 0 -1 -2 -3 -4 -5 -6 -7 -8 -9 -10 -11 -12 -13 
-20 -18 -16 -14 -12 -10 -8 -8 -6 -4 -4 -2 -2 0 -1 -1 -1 0 -1 -1 1 3 3 4 3 4 3 3 3 4 3 2 1 0 -1 -2 -3 -4 -3 -4 -5 -6 -7 -8 -9 -9 -10 -11 -12 -13 -14 -15 -16 -17 -18 -17 -18 -19 -20 -21 -22 -23 -24 -23 -24 1 1 2 3 2 1 0 1 1 3 3 5 4 4 4 5 4 3 2 4 4 5 4 5 4 4 4 5 4 3 2 1 0 -1 -2 -3 -2 -3 -4 -5 -6 -7 -8 -9 -10 -11 
-21 -19 -17 -15 -13 -11 -9 -9 -7 -5 -5 -3 -3 -1 -1 -2 -2 0 -1 -2 0 2 2 4 3 4 3 2 2 4 3 2 3 2 1 0 -1 -2 -3 -2 -3 -4 -5 -6 -7 -8 -9 -10 -11 -11 -12 -13 -14 -15 -16 -17 -18 -19 -20 -21 -22 -23 -24 -23 -24 1 2 2 3 2 1 0 1 0 2 2 4 4 3 3 5 4 3 4 3 3 5 4 5 4 3 3 5 4 3 4 3 2 1 0 -1 -2 -1 -2 -3 -4 -5 -6 -7 -8 -9 
-22 -20 -18 -16 -14 -12 -10 -8 -8 -6 -6 -4 -4 -2 0 -1 -2 -1 1 0 -1 1 3 3 3 3 3 2 3 3 3 4 3 2 1 2 1 0 -1 -2 -3 -2 -3 -4 -5 -6 -7 -8 -9 -10 -11 -12 -13 -13 -14 -15 -16 -17 -18 -19 -20 -21 -22 -23 -24 0 1 1 2 2 3 2 1 0 1 1 3 5 4 3 4 6 5 4 3 4 4 4 4 4 3 4 4 4 5 4 3 2 3 2 1 0 -1 -2 -1 -2 -3 -4 -5 -6 -7 
-23 -21 -19 -17 -15 -13 -11 -9 -9 -7 -7 -5 -5 -3 -1 -1 -2 -1 0 0 1 0 2 4 3 4 3 2 2 4 3 3 5 4 3 2 1 0 1 0 -1 -2 -3 -4 -5 -4 -5 -6 -7 -8 -9 -10 -11 -12 -13 -13 -14 -15 -16 -17 -18 -19 -20 -21 -22 1 1 2 2 1 2 2 3 2 1 0 2 4 4 3 4 5 5 6 5 4 5 4 5 4 3 3 5 4 4 6 5 4 3 2 1 2 1 0 -1 -2 -3 -4 -3 -4 -5 
-24 -22 -20 -18 -16 -14 -12 -10 -10 -8 -8 -6 -6 -4 -2 -2 -2 -1 -1 -1 1 0 1 3 3 4 3 2 1 3 3 2 4 6 5 4 3 2 1 2 1 0 -1 -2 -3 -4 -5 -6 -7 -6 -7 -8 -9 -10 -11 -12 -13 -14 -15 -16 -17 -18 -19 -19 -20 1 2 2 3 2 1 1 3 2 3 2 1 3 3 3 4 4 4 6 5 4 5 4 5 4 3 2 4 4 3 5 7 6 5 4 3 2 3 2 1 0 -1 -2 -3 -4 -5 
-25 -23 -21 -19 -17 -15 -13 -11 -11 -9 -9 -7 -7 -5 -3 -3 -3 -1 -2 -2 0 0 0 2 2 4 3 2 1 2 2 2 3 5 5 4 3 2 3 2 1 0 -1 -2 -3 -2 -3 -4 -5 -6 -7 -6 -7 -8 -9 -10 -11 -12 -13 -14 -15 -16 -17 -18 -19 1 2 3 3 2 1 0 2 2 3 2 3 2 2 2 4 3 3 5 5 4 5 4 5 4 3 2 3 3 3 4 6 6 5 4 3 4 3 2 1 0 -1 -2 -1 -2 -3 
-26 -24 -22 -20 -18 -16 -14 -12 -12 -10 -10 -8 -8 -6 -4 -2 -3 -2 -2 -3 -1 1 0 1 1 3 3 4 3 2 1 1 2 4 6 5 4 4 3 2 1 0 -1 -2 -1 -2 -3 -4 -3 -4 -5 -6 -5 -6 -7 -8 -9 -10 -11 -12 -13 -14 -15 -16 -17 0 1 2 2 2 1 0 1 1 2 2 2 2 3 2 3 3 2 4 6 5 4 4 4 4 5 4 3 2 2 3 5 7 6 5 5 4 3 2 1 0 -1 0 -1 -2 -3 
-27 -25 -23 -21 -19 -17 -15 -13 -13 -11 -11 -9 -9 -7 -5 -3 -3 -2 -3 -3 -2 0 0 1 0 2 2 3 3 4 3 2 2 3 5 5 4 3 5 4 3 2 1 0 -1 0 -1 -2 -3 -2 -3 -4 -5 -6 -7 -6 -7 -8 -9 -10 -11 -12 -13 -14 -15 1 1 2 3 2 1 0 1 0 2 1 3 2 2 2 3 2 2 3 5 5 6 5 5 4 4 4 5 4 3 3 4 6 6 5 4 6 5 4 3 2 1 0 1 0 -1 
-28 -26 -24 -22 -20 -18 -16 -14 -14 -12 -12 -10 -10 -8 -6 -4 -4 -2 -3 -4 -2 -1 -1 1 0 1 1 2 2 4 3 2 3 3 4 4 4 3 4 6 5 4 3 2 1 0 -1 -2 -3 -2 -3 -2 -3 -4 -5 -6 -7 -8 -9 -10 -11 -12 -13 -12 -13 1 2 2 3 2 1 0 1 0 1 1 2 2 1 1 3 2 1 3 4 4 6 5 6 5 4 3 5 4 3 4 4 5 5 5 4 5 7 6 5 4 3 2 1 0 -1 
-29 -27 -25 -23 -21 -19 -17 -15 -15 -13 -13 -11 -11 -9 -7 -5 -5 -3 -1 -2 -3 -2 0 0 0 0 0 1 3 3 3 4 3 2 3 5 5 4 3 5 5 6 5 4 3 2 1 0 -1 -2 -3 -3 -3 -2 -3 -4 -5 -6 -7 -8 -9 -10 -11 -12 -13 0 1 1 2 2 3 2 1 0 0 0 1 3 2 1 2 4 3 2 3 5 5 5 5 5 4 5 4 4 5 4 3 4 6 6 5 4 6 6 7 6 5 4 3 2 1 
-30 -28 -26 -24 -22 -20 -18 -16 -14 -14 -12 -12 -10 -10 -8 -6 -4 -4 -2 0 -1 -2 -1 -1 1 0 1 0 2 2 4 3 3 2 2 4 4 4 3 4 6 5 5 4 3 2 3 2 1 0 -1 -2 -3 -3 -1 -2 -3 -4 -5 -6 -7 -8 -9 -10 -11 -1 0 0 1 3 2 4 3 2 1 1 0 2 2 3 2 3 5 4 3 4 4 6 5 6 5 4 4 5 4 4 3 3 5 5 5 4 5 7 6 6 5 4 3 4 3 
-31 -29 -27 -25 -23 -21 -19 -17 -15 -13 -13 -11 -11 -9 -9 -7 -5 -3 -3 -1 1 0 -1 0 0 2 1 0 1 3 3 3 4 4 3 3 3 3 5 4 5 5 4 4 3 4 3 2 1 2 1 0 -1 -2 -2 0 -1 -2 -3 -4 -5 -6 -7 -8 -9 1 0 1 1 2 2 3 5 4 3 2 2 1 1 2 4 3 4 6 5 4 5 5 7 6 5 4 5 4 4 5 5 4 4 4 4 6 5 6 6 5 5 4 5 4 3 
-32 -30 -28 -26 -24 -22 -20 -18 -16 -14 -14 -12 -12 -10 -10 -8 -6 -4 -4 -2 0 0 -1 0 -1 1 1 0 0 2 2 2 4 5 4 3 2 2 4 6 5 4 4 3 3 4 3 2 1 2 1 2 1 0 -1 -1 -1 -2 -3 -4 -5 -6 -7 -6 -7 1 2 1 2 1 1 2 4 4 5 4 3 2 1 1 3 3 3 5 5 4 5 4 6 6 5 4 5 4 3 5 6 5 4 3 3 5 7 6 5 5 4 4 5 4 3 
-33 -31 -29 -27 -25 -23 -21 -19 -17 -15 -15 -13 -13 -11 -11 -9 -7 -5 -5 -3 -1 -1 -1 0 -1 0 0 0 -1 1 1 1 3 5 4 3 2 1 3 5 5 4 3 3 2 4 3 2 1 2 1 2 1 0 -1 0 -1 -2 -3 -4 -5 -6 -7 -6 -7 1 2 3 2 1 0 1 3 3 5 4 5 4 3 2 2 2 2 4 4 4 5 4 5 5 5 4 5 4 3 4 6 5 4 3 2 4 6 6 5 4 4 3 5 4 3 
-34 -32 -30 -28 -26 -24 -22 -20 -18 -16 -16 -14 -14 -12 -12 -10 -8 -6 -6 -4 -2 0 -1 -1 -1 -1 -1 1 0 0 0 0 2 4 6 5 4 3 2 4 4 4 3 2 4 3 3 2 3 2 1 1 3 2 1 0 1 0 -1 -2 -3 -4 -5 -6 -5 0 1 2 2 1 0 0 2 2 4 4 4 4 5 4 3 2 1 3 5 4 4 4 4 4 6 5 4 4 3 3 5 7 6 5 4 3 5 5 5 4 3 5 4 4 3 
-35 -33 -31 -29 -27 -25 -23 -21 -19 -17 -17 -15 -15 -13 -13 -11 -9 -7 -7 -5 -3 -1 -1 0 -1 0 -1 0 0 1 0 -1 1 3 5 5 4 3 4 3 3 3 3 2 3 5 4 3 2 4 3 2 2 2 1 2 1 0 -1 -2 -3 -4 -5 -4 -5 1 1 2 3 2 1 0 1 1 3 3 5 4 4 4 5 4 3 2 4 4 5 4 5 4 5 5 6 5 4 4 4 6 6 5 4 5 4 4 4 4 3 4 6 5 4 
-36 -34 -32 -30 -28 -26 -24 -22 -20 -18 -18 -16 -16 -14 -14 -12 -10 -8 -8 -6 -4 -2 -2 0 -1 0 -1 -1 -1 1 0 -1 0 2 4 4 4 3 4 5 4 3 2 2 2 4 4 3 2 3 3 4 3 2 1 2 1 0 -1 -2 -3 -4 -5 -4 -5 1 2 2 3 2 1 0 1 0 2 2 4 4 3 3 5 4 3 4 3 3 5 4 5 4 4 4 6 5 4 5 5 5 5 5 4 5 6 5 4 3 3 3 5 5 4 
-37 -35 -33 -31 -29 -27 -25 -23 -21 -19 -19 -17 -17 -15 -13 -13 -11 -9 -7 -7 -5 -3 -1 -1 -1 -1 -1 -2 0 0 0 1 0 1 3 5 5 4 3 4 4 5 4 3 2 3 3 5 4 3 2 3 3 4 3 2 1 2 1 0 -1 -2 -3 -4 -5 0 1 1 2 2 3 2 1 0 1 1 3 5 4 3 4 6 5 4 3 4 4 4 4 4 3 5 5 5 6 5 4 4 6 6 5 4 5 5 6 5 4 3 4 4 6 
-38 -36 -34 -32 -30 -28 -26 -24 -22 -20 -20 -18 -18 -16 -14 -14 -12 -10 -8 -8 -6 -4 -2 0 -1 0 -1 -2 -1 1 0 0 2 1 2 4 4 4 5 4 3 4 4 3 2 3 2 4 4 5 4 3 2 3 3 4 3 2 1 0 -1 -2 -3 -2 -3 1 1 2 2 1 2 2 3 2 1 0 2 4 4 3 4 5 5 6 5 4 5 4 5 4 3 4 6 5 5 7 6 5 5 5 5 6 5 4 5 5 4 3 4 3 5 
-39 -37 -35 -33 -31 -29 -27 -25 -23 -21 -21 -19 -19 -17 -15 -15 -13 -11 -9 -9 -7 -5 -3 -1 -1 0 -1 -2 -2 0 0 -1 1 3 2 3 3 3 5 6 5 4 3 3 2 3 2 3 3 5 4 5 4 3 2 4 3 2 1 0 -1 -2 -3 -2 -3 1 2 2 3 2 1 1 3 2 3 2 1 3 3 3 4 4 4 6 5 4 5 4 5 4 3 3 5 5 4 6 8 7 6 5 4 6 7 6 5 4 4 3 4 3 4 
-40 -38 -36 -34 -32 -30 -28 -26 -24 -22 -22 -20 -20 -18 -16 -16 -14 -12 -10 -10 -8 -6 -4 -2 -2 0 -1 -2 -3 -1 -1 -1 0 2 2 2 2 2 4 6 5 4 3 2 2 3 2 2 2 4 4 5 4 3 2 3 3 2 1 0 -1 -2 -3 -2 -3 1 2 3 3 2 1 0 2 2 3 2 3 2 2 2 4 3 3 5 5 4 5 4 5 4 3 2 4 4 4 5 7 7 6 5 4 5 7 6 5 4 3 3 4 3 3 
-41 -39 -37 -35 -33 -31 -29 -27 -25 -23 -23 -21 -21 -19 -17 -15 -15 -13 -11 -11 -9 -7 -5 -3 -3 -1 -1 0 -1 -2 -2 -2 -1 1 3 2 1 3 3 5 5 4 3 2 3 2 2 1 3 3 3 4 6 5 4 3 4 3 2 1 1 0 -1 -2 -1 0 1 2 2 2 1 0 1 1 2 2 2 2 3 2 3 3 2 4 6 5 4 4 4 4 5 4 3 3 3 4 6 8 7 6 6 5 6 6 5 4 3 4 3 3 2 
-42 -40 -38 -36 -34 -32 -30 -28 -26 -24 -24 -22 -22 -20 -18 -16 -16 -14 -12 -12 -10 -8 -6 -4 -4 -2 -2 -1 -1 0 -1 -2 -1 0 2 2 1 2 4 4 4 4 3 2 2 4 3 2 2 4 3 4 5 5 4 5 4 3 2 1 0 0 -1 0 -1 1 1 2 3 2 1 0 1 0 2 1 3 2 2 2 3 2 2 3 5 5 6 5 5 4 4 4 5 4 3 4 5 7 7 6 5 7 6 5 5 4 3 3 5 4 3 
-43 -41 -39 -37 -35 -33 -31 -29 -27 -25 -25 -23 -23 -21 -19 -17 -17 -15 -13 -13 -11 -9 -7 -5 -5 -3 -3 -2 -2 0 -1 -2 -1 0 1 1 1 1 3 5 4 3 3 2 1 3 3 2 1 3 3 4 4 4 4 5 4 3 2 1 0 -1 -1 0 -1 1 2 2 3 2 1 0 1 0 1 1 2 2 1 1 3 2 1 3 4 4 6 5 6 5 4 3 5 4 3 4 5 6 6 6 5 6 8 7 6 5 4 3 4 4 3 
-44 -42 -40 -38 -36 -34 -32 -30 -28 -26 -26 -24 -24 -22 -20 -18 -18 -16 -14 -14 -12 -10 -8 -6 -6 -4 -4 -3 -1 -1 -1 0 -1 -1 0 2 2 1 2 4 4 5 4 4 3 2 2 4 3 2 2 3 3 5 4 4 4 5 4 3 2 1 0 -1 -1 0 1 1 2 2 3 2 1 0 0 0 1 3 2 1 2 4 3 2 3 5 5 5 5 5 4 5 4 4 5 4 4 5 7 7 6 5 7 7 8 7 6 5 4 3 5 
-45 -43 -41 -39 -37 -35 -33 -31 -29 -27 -25 -25 -23 -23 -21 -19 -17 -17 -15 -13 -13 -11 -9 -7 -5 -5 -3 -4 -2 -2 0 -1 -1 -2 -1 1 1 1 1 3 5 4 4 3 3 2 3 3 3 2 3 2 2 4 6 5 4 4 4 3 2 1 2 1 0 -1 0 0 1 3 2 4 3 2 1 1 0 2 2 3 2 3 5 4 3 4 4 6 5 6 5 4 4 5 4 4 3 4 6 6 6 5 6 8 7 7 6 5 4 5 4 
-46 -44 -42 -40 -38 -36 -34 -32 -30 -28 -26 -24 -24 -22 -22 -20 -18 -16 -16 -14 -12 -12 -10 -8 -6 -4 -4 -4 -3 -1 -1 -1 0 0 -1 0 0 0 2 2 4 4 3 3 2 4 3 2 2 4 3 4 3 3 5 7 6 5 4 3 2 1 1 3 2 1 0 1 1 2 2 3 5 4 3 2 2 1 1 2 4 3 4 6 5 4 5 5 7 6 5 4 5 4 4 5 5 4 5 5 5 7 6 7 7 6 6 5 6 5 4 
-47 -45 -43 -41 -39 -37 -35 -33 -31 -29 -27 -25 -25 -23 -23 -21 -19 -17 -17 -15 -13 -13 -11 -9 -7 -5 -5 -5 -4 -2 -2 -2 0 1 0 -1 -1 -1 1 3 3 3 3 2 2 3 3 2 1 3 3 4 3 2 4 6 6 5 4 3 2 1 0 2 2 3 2 1 2 1 1 2 4 4 5 4 3 2 1 1 3 3 3 5 5 4 5 4 6 6 5 4 5 4 3 5 6 5 4 4 4 6 8 7 6 6 5 5 6 5 4 
-48 -46 -44 -42 -40 -38 -36 -34 -32 -30 -28 -26 -26 -24 -24 -22 -20 -18 -18 -16 -14 -14 -12 -10 -8 -6 -6 -6 -5 -3 -3 -3 -1 1 0 -1 -2 -2 0 2 2 2 2 2 1 3 2 2 1 2 2 4 3 2 3 5 5 5 4 3 2 1 0 1 1 3 4 3 2 1 0 1 3 3 5 4 5 4 3 2 2 2 2 4 4 4 5 4 5 5 5 4 5 4 3 4 6 5 4 3 3 5 7 7 6 5 5 4 6 5 4 
-49 -47 -45 -43 -41 -39 -37 -35 -33 -31 -29 -27 -27 -25 -25 -23 -21 -19 -19 -17 -15 -13 -13 -11 -9 -7 -7 -5 -6 -4 -4 -4 -2 0 2 1 0 -1 -1 1 1 1 1 1 3 2 2 1 3 2 1 3 5 4 3 4 6 5 4 3 4 3 2 1 2 2 3 3 2 1 0 0 2 2 4 4 4 4 5 4 3 2 1 3 5 4 4 4 4 4 6 5 4 4 3 3 5 7 6 5 4 4 6 6 6 5 4 6 5 5 4 
-50 -48 -46 -44 -42 -40 -38 -36 -34 -32 -30 -28 -28 -26 -26 -24 -22 -20 -20 -18 -16 -14 -14 -12 -10 -8 -8 -6 -6 -5 -5 -5 -3 -1 1 1 0 -1 0 0 0 0 0 0 2 4 3 2 2 4 3 2 4 4 3 4 5 5 4 3 3 3 2 3 2 3 3 4 4 3 2 1 1 1 3 3 5 4 4 4 5 4 3 2 4 4 5 4 5 4 5 5 6 5 4 4 4 6 6 5 4 5 5 5 5 5 4 5 7 6 5 
-51 -49 -47 -45 -43 -41 -39 -37 -35 -33 -31 -29 -29 -27 -27 -25 -23 -21 -21 -19 -17 -15 -15 -13 -11 -9 -9 -7 -7 -5 -6 -6 -4 -2 0 0 0 -1 0 1 0 -1 -1 -1 1 3 3 2 1 3 3 4 3 3 3 4 4 4 4 3 2 2 2 3 2 3 4 4 5 4 3 2 2 1 2 2 4 4 3 3 5 4 3 4 3 3 5 4 5 4 4 4 6 5 4 5 5 5 5 5 4 5 6 5 4 4 4 4 6 6 5 
-52 -50 -48 -46 -44 -42 -40 -38 -36 -34 -32 -30 -30 -28 -26 -26 -24 -22 -20 -20 -18 -16 -14 -14 -12 -10 -10 -8 -6 -6 -6 -5 -5 -3 -1 1 1 0 -1 0 0 1 0 0 0 2 2 4 3 2 2 3 3 4 3 3 3 5 5 5 4 3 2 2 2 2 3 3 4 4 5 4 3 2 1 1 3 5 4 3 4 6 5 4 3 4 4 4 4 4 3 5 5 5 6 5 4 4 6 6 5 4 5 5 6 5 5 4 5 5 7 
-53 -51 -49 -47 -45 -43 -41 -39 -37 -35 -33 -31 -31 -29 -27 -27 -25 -23 -21 -21 -19 -17 -15 -13 -13 -11 -11 -9 -7 -5 -6 -6 -4 -4 -2 0 0 0 1 0 -1 0 0 -1 -1 1 1 3 3 4 3 3 2 3 3 4 3 4 4 4 4 3 2 3 2 3 3 4 4 3 4 4 5 4 3 2 2 4 4 3 4 5 5 6 5 4 5 4 5 4 3 4 6 5 5 7 6 5 5 5 5 6 5 4 5 5 4 4 5 4 6 
-54 -52 -50 -48 -46 -44 -42 -40 -38 -36 -34 -32 -32 -30 -28 -28 -26 -24 -22 -22 -20 -18 -16 -14 -14 -12 -12 -10 -8 -6 -6 -7 -5 -3 -3 -1 -1 -1 1 2 1 0 -1 -1 -2 0 0 2 2 4 3 4 3 2 2 4 3 3 3 3 3 3 2 3 2 3 4 4 5 4 3 3 5 4 5 4 3 3 3 3 4 4 4 6 5 4 5 4 5 4 3 3 5 5 4 6 8 7 6 5 4 6 7 6 5 4 4 3 5 4 5 
-55 -53 -51 -49 -47 -45 -43 -41 -39 -37 -35 -33 -33 -31 -29 -29 -27 -25 -23 -23 -21 -19 -17 -15 -15 -13 -13 -11 -9 -7 -7 -7 -6 -4 -4 -2 -2 -2 0 2 1 0 -1 -2 -2 -1 -1 1 1 3 3 4 3 2 1 3 3 2 2 2 2 2 2 3 2 3 4 5 5 4 3 2 4 4 5 4 5 4 3 2 4 3 3 5 5 4 5 4 5 4 3 2 4 4 4 5 7 7 6 5 4 5 7 6 5 4 3 3 4 4 4 
-56 -54 -52 -50 -48 -46 -44 -42 -40 -38 -36 -34 -34 -32 -30 -28 -28 -26 -24 -24 -22 -20 -18 -16 -16 -14 -14 -12 -10 -8 -8 -8 -7 -5 -3 -3 -3 -1 -1 1 1 0 -1 -2 -1 -2 -2 0 2 2 2 3 5 4 3 2 4 3 2 1 3 2 1 2 4 3 3 4 4 4 3 2 3 3 4 4 4 4 5 4 3 3 2 4 6 5 4 4 4 4 5 4 3 3 3 4 6 8 7 6 6 5 6 6 5 4 3 4 3 3 3 
-57 -55 -53 -51 -49 -47 -45 -43 -41 -39 -37 -35 -35 -33 -31 -29 -29 -27 -25 -25 -23 -21 -19 -17 -17 -15 -15 -13 -11 -9 -9 -9 -7 -6 -4 -4 -4 -2 0 0 0 0 -1 -2 -2 0 -1 -1 1 3 2 3 4 4 3 4 3 3 2 1 2 2 1 2 3 5 4 4 5 4 3 2 3 2 4 3 5 4 4 4 5 4 3 3 5 5 6 5 5 4 4 4 5 4 3 4 5 7 7 6 5 7 6 5 5 4 3 3 5 4 3 
-58 -56 -54 -52 -50 -48 -46 -44 -42 -40 -38 -36 -36 -34 -32 -30 -30 -28 -26 -26 -24 -22 -20 -18 -18 -16 -16 -14 -12 -10 -10 -10 -8 -6 -5 -5 -5 -3 -1 1 0 -1 -1 -2 -3 -1 -1 -2 0 2 2 3 3 3 3 4 3 2 2 1 1 1 1 2 2 4 6 5 5 4 3 2 3 2 3 3 4 4 3 3 5 4 3 4 4 4 6 5 6 5 4 3 5 4 3 4 5 6 6 6 5 6 8 7 6 5 4 3 4 4 3 
-59 -57 -55 -53 -51 -49 -47 -45 -43 -41 -39 -37 -37 -35 -33 -31 -31 -29 -27 -27 -25 -23 -21 -19 -19 -17 -17 -15 -13 -11 -11 -9 -9 -7 -6 -4 -4 -4 -2 0 0 1 0 0 -1 -2 -2 0 -1 1 1 2 2 4 3 3 3 4 3 3 2 2 1 1 1 3 5 5 4 4 5 4 3 2 2 2 3 5 4 3 4 6 5 4 3 5 5 5 5 5 4 5 4 4 5 4 4 5 7 7 6 5 7 7 8 7 6 5 4 3 5 
-60 -58 -56 -54 -52 -50 -48 -46 -44 -42 -40 -38 -36 -36 -34 -32 -30 -30 -28 -26 -26 -24 -22 -20 -18 -18 -16 -16 -14 -12 -10 -10 -10 -8 -7 -5 -5 -5 -3 -1 1 0 0 -1 -1 -2 -1 -1 -1 0 2 1 1 3 5 4 3 3 3 2 2 1 3 2 1 2 4 4 4 5 4 6 5 4 3 3 2 4 4 5 4 5 7 6 5 4 4 6 5 6 5 4 4 5 4 4 3 4 6 6 6 5 6 8 7 7 6 5 4 5 4 
-61 -59 -57 -55 -53 -51 -49 -47 -45 -43 -41 -39 -37 -37 -35 -33 -31 -31 -29 -27 -27 -25 -23 -21 -19 -19 -17 -15 -15 -13 -11 -11 -11 -9 -7 -6 -6 -4 -4 -2 0 0 -1 -1 0 -1 -2 -2 0 -1 1 1 2 2 4 4 5 4 3 2 3 2 2 2 3 2 3 3 3 4 4 5 5 4 3 2 2 3 5 4 4 4 6 6 7 6 5 5 5 5 7 6 5 4 4 3 3 4 5 5 7 6 5 7 7 6 6 7 6 5 4 
-62 -60 -58 -56 -54 -52 -50 -48 -46 -44 -42 -40 -38 -38 -36 -34 -32 -32 -30 -28 -28 -26 -24 -22 -20 -20 -18 -16 -16 -14 -12 -12 -12 -10 -8 -7 -7 -5 -5 -3 -1 -1 -1 -2 -1 -1 0 -1 -1 -1 0 0 1 1 3 3 4 4 3 2 2 2 3 2 2 2 2 2 2 4 3 5 4 6 5 4 3 2 4 6 5 4 5 5 6 6 5 6 5 6 6 6 5 6 5 4 3 3 4 4 6 6 5 6 6 6 5 6 6 7 6 
-63 -61 -59 -57 -55 -53 -51 -49 -47 -45 -43 -41 -39 -39 -37 -35 -33 -33 -31 -29 -29 -27 -25 -23 -21 -21 -19 -17 -17 -15 -13 -13 -13 -11 -9 -8 -8 -6 -6 -4 -2 -2 -2 -2 -1 -2 -1 -1 0 -1 -1 -1 1 0 2 2 4 3 3 2 3 2 2 2 3 2 1 1 1 3 3 4 4 5 5 4 3 2 3 5 5 4 4 4 6 5 5 5 5 5 7 6 5 5 5 4 3 4 3 3 5 5 5 5 5 5 5 6 5 6 6 
-64 -62 -60 -58 -56 -54 -52 -50 -48 -46 -44 -42 -40 -38 -38 -36 -34 -32 -32 -30 -28 -28 -26 -24 -22 -20 -20 -18 -18 -16 -14 -14 -12 -12 -10 -9 -9 -7 -5 -5 -3 -3 -3 -3 -2 0 -1 -2 -1 1 0 0 0 0 1 3 3 3 2 2 2 2 1 3 2 4 3 2 2 2 2 3 5 4 6 5 5 4 3 4 6 5 4 5 5 5 6 5 6 5 6 6 7 6 5 6 5 4 3 2 4 6 6 5 4 4 4 5 7 6 5 
-65 -63 -61 -59 -57 -55 -53 -51 -49 -47 -45 -43 -41 -39 -39 -37 -35 -33 -33 -31 -29 -29 -27 -25 -23 -21 -21 -19 -19 -17 -15 -15 -13 -11 -11 -10 -10 -8 -6 -4 -4 -4 -4 -4 -3 -1 -1 -2 -2 0 0 1 0 -1 0 2 2 2 2 1 1 1 1 2 2 3 5 4 3 2 1 2 4 4 5 5 6 5 4 3 5 5 4 5 4 4 6 5 6 5 5 5 7 6 5 6 7 6 5 4 3 5 7 6 5 4 3 4 6 6 5 
-66 -64 -62 -60 -58 -56 -54 -52 -50 -48 -46 -44 -42 -40 -40 -38 -36 -34 -34 -32 -30 -30 -28 -26 -24 -22 -22 -20 -20 -18 -16 -16 -14 -12 -12 -11 -11 -9 -7 -5 -5 -5 -5 -5 -4 -2 -2 -2 -3 -1 -1 1 0 -1 -1 1 1 1 1 1 0 0 0 2 1 3 4 6 5 4 3 2 3 3 5 4 6 5 4 3 4 4 4 5 4 3 5 5 6 5 4 4 6 6 5 6 7 6 5 4 3 4 6 6 5 4 3 3 5 5 5 
-67 -65 -63 -61 -59 -57 -55 -53 -51 -49 -47 -45 -43 -41 -41 -39 -37 -35 -35 -33 -31 -29 -29 -27 -25 -23 -23 -21 -21 -19 -17 -17 -15 -13 -11 -12 -12 -10 -8 -6 -6 -6 -6 -6 -4 -3 -3 -3 -1 -2 -2 0 2 1 0 0 2 1 0 0 2 1 0 1 3 2 3 5 5 4 3 2 2 2 4 4 5 5 6 5 4 3 3 4 6 5 4 4 5 5 6 5 5 5 5 5 6 8 7 6 5 4 5 5 5 4 3 4 4 4 4 
-68 -66 -64 -62 -60 -58 -56 -54 -52 -50 -48 -46 -44 -42 -42 -40 -38 -36 -36 -34 -32 -30 -30 -28 -26 -24 -24 -22 -22 -20 -18 -18 -16 -14 -12 -12 -13 -11 -9 -7 -7 -7 -7 -7 -5 -3 -4 -4 -2 0 -1 -1 1 1 0 1 1 1 0 -1 1 1 0 1 2 4 3 4 6 5 4 3 3 2 3 3 5 4 5 5 6 5 4 4 5 5 6 5 5 4 5 5 6 5 4 6 6 7 7 6 5 6 5 4 4 4 3 3 5 4 3 
-69 -67 -65 -63 -61 -59 -57 -55 -53 -51 -49 -47 -45 -43 -43 -41 -39 -37 -37 -35 -33 -31 -31 -29 -27 -25 -25 -23 -23 -21 -19 -19 -17 -15 -13 -13 -13 -12 -10 -8 -8 -8 -8 -8 -6 -4 -4 -5 -3 -1 -1 0 0 0 0 1 0 0 0 -1 0 0 0 1 1 3 5 4 5 5 4 3 4 3 3 2 4 4 4 4 6 5 4 5 4 4 6 5 6 5 4 4 6 5 4 5 7 6 6 6 5 6 7 6 5 4 3 2 4 4 3 
-70 -68 -66 -64 -62 -60 -58 -56 -54 -52 -50 -48 -46 -44 -42 -42 -40 -38 -36 -36 -34 -32 -30 -30 -28 -26 -26 -24 -22 -22 -20 -18 -18 -16 -14 -12 -12 -13 -11 -9 -9 -7 -7 -7 -7 -5 -5 -3 -4 -2 -2 -1 -1 1 0 0 0 1 1 1 0 1 0 0 0 2 4 4 4 4 6 5 4 3 2 2 3 5 4 3 5 7 6 5 4 5 5 5 5 5 4 5 5 5 6 5 6 6 7 7 6 5 6 6 7 6 5 4 3 3 5 
-71 -69 -67 -65 -63 -61 -59 -57 -55 -53 -51 -49 -47 -45 -43 -43 -41 -39 -37 -37 -35 -33 -31 -29 -29 -27 -27 -25 -23 -21 -21 -19 -17 -17 -15 -13 -13 -13 -12 -10 -10 -8 -8 -8 -8 -6 -6 -4 -4 -3 -3 -1 -2 0 0 1 0 0 0 0 0 0 0 1 0 1 3 5 5 4 5 5 6 5 4 3 3 4 4 3 4 6 6 7 6 5 6 5 6 5 4 4 6 5 5 7 6 5 6 6 6 7 6 5 6 6 5 4 5 4 4 
-72 -70 -68 -66 -64 -62 -60 -58 -56 -54 -52 -50 -48 -46 -44 -44 -42 -40 -38 -38 -36 -34 -32 -30 -30 -28 -28 -26 -24 -22 -22 -20 -18 -16 -16 -14 -14 -14 -12 -11 -11 -9 -9 -9 -9 -7 -7 -5 -5 -3 -4 -2 -2 -1 -1 1 0 -1 -1 -1 -1 -1 -1 1 0 1 2 4 6 5 4 4 6 5 6 5 4 3 3 3 4 5 5 7 6 5 6 5 6 5 4 3 5 5 4 6 8 7 6 5 5 7 8 7 6 5 5 4 5 4 3 
-73 -71 -69 -67 -65 -63 -61 -59 -57 -55 -53 -51 -49 -47 -45 -45 -43 -41 -39 -39 -37 -35 -33 -31 -31 -29 -29 -27 -25 -23 -23 -21 -19 -17 -17 -15 -15 -15 -13 -11 -12 -10 -10 -10 -10 -8 -8 -6 -6 -4 -4 -3 -3 -2 -2 0 0 -1 -2 -2 -2 -2 -2 0 0 1 2 3 5 5 4 3 5 5 6 5 6 5 4 3 4 4 4 6 6 5 6 5 6 5 4 3 4 4 4 5 7 7 6 5 4 6 8 7 6 5 4 4 5 4 3 
-74 -72 -70 -68 -66 -64 -62 -60 -58 -56 -54 -52 -50 -48 -46 -44 -44 -42 -40 -40 -38 -36 -34 -32 -32 -30 -30 -28 -26 -24 -24 -22 -20 -18 -16 -16 -16 -14 -14 -12 -12 -11 -11 -11 -9 -9 -9 -7 -5 -5 -5 -4 -2 -3 -3 -1 1 0 -1 -2 -1 -2 -3 -1 1 0 1 2 4 4 4 3 4 4 5 5 5 5 6 5 4 3 3 5 7 6 5 5 5 5 6 5 4 3 3 4 6 8 7 6 6 5 7 7 6 5 4 5 4 4 3 
-75 -73 -71 -69 -67 -65 -63 -61 -59 -57 -55 -53 -51 -49 -47 -45 -45 -43 -41 -41 -39 -37 -35 -33 -33 -31 -31 -29 -27 -25 -25 -23 -21 -19 -17 -17 -17 -15 -13 -13 -13 -12 -12 -12 -10 -8 -9 -8 -6 -4 -5 -4 -3 -3 -4 -2 0 0 -1 -2 -2 -2 -3 -2 0 2 1 2 3 3 3 3 4 3 5 4 6 5 5 5 6 5 4 4 6 6 7 6 6 5 5 5 6 5 4 4 5 7 7 6 5 7 6 6 6 5 4 4 6 5 4 
-76 -74 -72 -70 -68 -66 -64 -62 -60 -58 -56 -54 -52 -50 -48 -46 -46 -44 -42 -42 -40 -38 -36 -34 -34 -32 -32 -30 -28 -26 -26 -24 -22 -20 -18 -18 -18 -16 -14 -12 -13 -13 -13 -13 -11 -9 -9 -9 -7 -5 -5 -4 -4 -4 -4 -3 -1 -1 -1 -2 -3 -3 -3 -2 -1 1 3 2 3 2 2 2 4 3 4 4 5 5 4 4 6 5 4 5 5 5 7 6 7 6 5 4 6 5 4 5 5 6 6 6 5 6 8 7 6 5 4 3 5 5 4 
-77 -75 -73 -71 -69 -67 -65 -63 -61 -59 -57 -55 -53 -51 -49 -47 -47 -45 -43 -43 -41 -39 -37 -35 -35 -33 -33 -31 -29 -27 -27 -25 -23 -21 -19 -17 -17 -17 -15 -13 -13 -12 -12 -12 -12 -10 -10 -8 -8 -6 -6 -5 -5 -3 -4 -4 -2 0 0 0 -1 -2 -3 -3 -2 0 2 2 2 2 3 2 3 3 3 3 4 6 5 4 5 7 6 5 4 6 6 6 6 6 5 6 5 5 6 5 4 5 7 7 6 5 7 7 8 7 6 5 4 4 6 
-78 -76 -74 -72 -70 -68 -66 -64 -62 -60 -58 -56 -54 -52 -50 -48 -46 -46 -44 -42 -42 -40 -38 -36 -34 -34 -32 -32 -30 -28 -26 -26 -24 -22 -20 -18 -18 -18 -16 -14 -12 -13 -13 -13 -13 -11 -9 -9 -9 -7 -5 -6 -6 -4 -2 -3 -3 -1 -1 -1 -1 -2 -1 -2 -3 -1 1 1 1 3 2 4 3 4 3 4 3 5 5 6 5 6 8 7 6 5 5 7 6 7 6 5 5 6 5 5 4 4 6 6 6 5 6 8 7 7 6 5 4 5 5 
-79 -77 -75 -73 -71 -69 -67 -65 -63 -61 -59 -57 -55 -53 -51 -49 -47 -45 -45 -43 -41 -41 -39 -37 -35 -33 -33 -33 -31 -29 -27 -27 -25 -23 -21 -19 -19 -19 -17 -15 -13 -13 -14 -14 -14 -12 -10 -10 -10 -8 -6 -4 -5 -5 -3 -1 -2 -2 -2 -2 -2 -2 -2 0 -1 -2 0 2 2 2 2 3 5 4 5 4 5 4 4 5 7 6 7 9 8 7 6 6 8 7 6 5 6 5 5 6 6 5 5 5 5 7 6 7 7 6 6 5 6 5 4 
-80 -78 -76 -74 -72 -70 -68 -66 -64 -62 -60 -58 -56 -54 -52 -50 -48 -46 -46 -44 -42 -42 -40 -38 -36 -34 -34 -34 -32 -30 -28 -28 -26 -24 -22 -20 -20 -20 -18 -16 -14 -14 -14 -15 -15 -13 -11 -11 -11 -9 -7 -5 -5 -6 -4 -2 -2 -3 -3 -3 -3 -3 -3 -1 -1 0 -1 1 3 2 1 2 4 4 5 4 5 4 3 4 6 6 6 8 8 7 8 7 7 7 6 5 6 5 4 6 7 6 5 4 4 6 8 7 6 6 5 5 6 5 4 
-81 -79 -77 -75 -73 -71 -69 -67 -65 -63 -61 -59 -57 -55 -53 -51 -49 -47 -47 -45 -43 -43 -41 -39 -37 -35 -35 -35 -33 -31 -29 -29 -27 -25 -23 -21 -21 -21 -19 -17 -15 -15 -15 -15 -16 -14 -12 -12 -12 -10 -8 -6 -6 -6 -5 -3 -3 -3 -4 -4 -4 -4 -4 -2 -2 0 1 0 2 2 1 1 3 3 5 4 5 4 3 3 5 5 5 7 7 7 8 7 8 7 6 5 6 5 4 5 7 6 5 4 3 5 7 7 6 5 5 4 6 5 4 
-82 -80 -78 -76 -74 -72 -70 -68 -66 -64 -62 -60 -58 -56 -54 -52 -50 -48 -48 -46 -44 -42 -42 -40 -38 -36 -36 -34 -34 -32 -30 -30 -28 -26 -24 -22 -22 -20 -20 -18 -16 -16 -16 -16 -14 -15 -13 -13 -11 -11 -9 -7 -5 -6 -6 -4 -2 -3 -4 -5 -3 -4 -5 -3 -1 -1 0 0 1 1 1 0 2 2 4 4 4 4 5 4 4 4 4 6 8 7 7 7 7 7 8 7 6 5 4 4 6 8 7 6 5 4 6 6 6 5 4 6 5 5 4 
-83 -81 -79 -77 -75 -73 -71 -69 -67 -65 -63 -61 -59 -57 -55 -53 -51 -49 -49 -47 -45 -43 -43 -41 -39 -37 -37 -35 -35 -33 -31 -31 -29 -27 -25 -23 -23 -21 -19 -19 -17 -17 -17 -17 -15 -13 -14 -14 -12 -10 -10 -8 -6 -6 -7 -5 -3 -3 -4 -5 -4 -4 -5 -4 -2 0 0 1 1 0 0 0 1 1 3 3 5 4 4 4 5 4 3 5 7 7 8 7 8 7 7 7 8 7 6 5 5 7 7 6 5 6 5 5 5 5 4 5 7 6 5 
-84 -82 -80 -78 -76 -74 -72 -70 -68 -66 -64 -62 -60 -58 -56 -54 -52 -50 -50 -48 -46 -44 -44 -42 -40 -38 -38 -36 -36 -34 -32 -32 -30 -28 -26 -24 -24 -22 -20 -18 -18 -18 -18 -18 -16 -14 -14 -15 -13 -11 -11 -9 -7 -7 -7 -6 -4 -4 -4 -5 -5 -5 -5 -4 -3 -1 1 1 2 1 0 -1 1 0 2 2 4 4 3 3 5 4 3 4 6 6 8 7 8 7 6 6 8 7 6 7 6 6 6 6 5 6 7 6 5 4 4 4 6 6 5 
-85 -83 -81 -79 -77 -75 -73 -71 -69 -67 -65 -63 -61 -59 -57 -55 -53 -51 -49 -49 -47 -45 -43 -43 -41 -39 -39 -37 -35 -35 -33 -31 -31 -29 -27 -25 -23 -23 -21 -19 -19 -17 -17 -17 -17 -15 -15 -13 -14 -12 -12 -10 -8 -6 -7 -7 -5 -3 -3 -3 -4 -4 -5 -5 -4 -2 0 0 1 1 2 1 0 0 1 1 3 5 4 3 4 6 5 4 5 7 7 7 7 7 6 7 7 7 8 7 6 5 7 7 6 5 6 6 7 6 5 4 5 5 7 
-86 -84 -82 -80 -78 -76 -74 -72 -70 -68 -66 -64 -62 -60 -58 -56 -54 -52 -50 -50 -48 -46 -44 -42 -42 -40 -40 -38 -36 -34 -34 -32 -30 -30 -28 -26 -24 -24 -22 -20 -20 -18 -18 -18 -18 -16 -16 -14 -14 -13 -13 -11 -9 -7 -7 -6 -6 -4 -4 -4 -4 -5 -5 -4 -5 -3 -1 1 1 0 1 1 2 1 1 0 2 4 4 3 4 5 5 6 5 6 8 7 8 7 6 6 8 7 7 9 8 7 6 6 6 7 6 5 6 6 5 4 5 4 6 
-87 -85 -83 -81 -79 -77 -75 -73 -71 -69 -67 -65 -63 -61 -59 -57 -55 -53 -51 -51 -49 -47 -45 -43 -43 -41 -41 -39 -37 -35 -35 -33 -31 -29 -29 -27 -25 -25 -23 -21 -21 -19 -19 -19 -19 -17 -17 -15 -15 -13 -14 -12 -10 -8 -8 -6 -7 -5 -5 -5 -5 -5 -6 -4 -5 -4 -2 0 2 1 0 0 2 1 2 1 1 3 3 3 4 4 4 6 5 5 7 7 8 7 6 5 7 7 6 8 10 9 8 7 6 7 8 7 6 5 5 4 5 4 5 
-88 -86 -84 -82 -80 -78 -76 -74 -72 -70 -68 -66 -64 -62 -60 -58 -56 -54 -52 -52 -50 -48 -46 -44 -44 -42 -42 -40 -38 -36 -36 -34 -32 -30 -30 -28 -26 -26 -24 -22 -22 -20 -20 -20 -20 -18 -18 -16 -16 -14 -14 -13 -11 -9 -9 -7 -7 -6 -6 -6 -6 -6 -6 -5 -5 -4 -3 -1 1 1 0 -1 1 1 2 1 2 2 2 2 4 3 3 5 5 4 6 6 8 7 6 5 6 6 6 7 9 9 8 7 6 7 8 7 6 5 4 4 5 4 4 
-89 -87 -85 -83 -81 -79 -77 -75 -73 -71 -69 -67 -65 -63 -61 -59 -57 -55 -53 -53 -51 -49 -47 -45 -45 -43 -43 -41 -39 -37 -37 -35 -33 -31 -29 -29 -27 -25 -25 -23 -23 -21 -21 -21 -19 -19 -19 -17 -15 -15 -15 -14 -12 -10 -10 -8 -6 -7 -7 -7 -5 -6 -7 -6 -4 -5 -4 -2 0 0 0 -1 0 0 1 1 1 1 3 2 3 3 2 4 6 5 5 5 7 7 8 7 6 5 5 6 8 10 9 8 8 7 7 7 6 5 4 5 4 4 3 
-90 -88 -86 -84 -82 -80 -78 -76 -74 -72 -70 -68 -66 -64 -62 -60 -58 -56 -54 -54 -52 -50 -48 -46 -46 -44 -44 -42 -40 -38 -38 -36 -34 -32 -30 -30 -28 -26 -24 -24 -24 -22 -22 -22 -20 -18 -19 -18 -16 -14 -15 -14 -13 -11 -11 -9 -7 -7 -8 -8 -6 -6 -7 -6 -5 -3 -4 -3 -1 -1 -1 -1 0 -1 1 0 2 1 2 2 3 2 2 3 5 5 6 5 6 6 7 7 8 7 6 6 7 9 9 8 7 9 8 7 6 5 4 4 6 5 4 
-91 -89 -87 -85 -83 -81 -79 -77 -75 -73 -71 -69 -67 -65 -63 -61 -59 -57 -55 -55 -53 -51 -49 -47 -47 -45 -45 -43 -41 -39 -39 -37 -35 -33 -31 -31 -29 -27 -25 -23 -24 -23 -23 -23 -21 -19 -19 -19 -17 -15 -15 -14 -14 -12 -12 -10 -8 -8 -8 -9 -7 -7 -7 -6 -6 -4 -2 -3 -2 -2 -2 -2 0 -1 0 0 1 1 1 1 3 2 1 3 4 4 6 5 6 5 6 6 8 7 6 7 7 8 8 8 7 8 10 9 8 7 6 5 5 5 4 
-92 -90 -88 -86 -84 -82 -80 -78 -76 -74 -72 -70 -68 -66 -64 -62 -60 -58 -56 -56 -54 -52 -50 -48 -48 -46 -46 -44 -42 -40 -40 -38 -36 -34 -32 -30 -30 -28 -26 -24 -24 -23 -22 -22 -22 -20 -20 -18 -18 -16 -16 -15 -15 -13 -13 -11 -9 -7 -7 -7 -8 -6 -7 -7 -7 -5 -3 -3 -3 -3 -1 -2 -1 -1 -1 -1 0 2 1 0 2 4 3 2 3 5 5 5 5 5 5 7 7 7 8 7 6 7 9 9 8 7 9 9 10 9 8 7 6 5 6 
-93 -91 -89 -87 -85 -83 -81 -79 -77 -75 -73 -71 -69 -67 -65 -63 -61 -59 -57 -55 -55 -53 -51 -49 -47 -47 -45 -45 -43 -41 -39 -39 -37 -35 -33 -31 -31 -29 -27 -25 -23 -24 -23 -23 -23 -21 -19 -19 -19 -17 -15 -16 -16 -14 -12 -12 -10 -8 -8 -8 -8 -7 -5 -6 -7 -6 -4 -4 -4 -2 -2 0 -1 0 -1 0 -1 1 1 2 1 3 5 4 3 4 4 6 5 6 5 6 6 8 7 7 6 6 8 8 8 7 8 10 9 9 8 7 6 7 6 
-94 -92 -90 -88 -86 -84 -82 -80 -78 -76 -74 -72 -70 -68 -66 -64 -62 -60 -58 -56 -54 -54 -52 -50 -48 -46 -46 -46 -44 -42 -40 -40 -38 -36 -34 -32 -32 -30 -28 -26 -24 -24 -24 -24 -24 -22 -20 -20 -20 -18 -16 -14 -15 -15 -13 -11 -11 -9 -9 -9 -9 -8 -6 -4 -5 -6 -5 -3 -3 -3 -3 -1 1 0 1 0 1 0 0 1 3 2 4 6 5 4 5 5 7 6 5 5 7 7 7 8 8 7 7 7 7 9 8 9 9 8 8 7 8 7 6 
-95 -93 -91 -89 -87 -85 -83 -81 -79 -77 -75 -73 -71 -69 -67 -65 -63 -61 -59 -57 -55 -55 -53 -51 -49 -47 -47 -47 -45 -43 -41 -41 -39 -37 -35 -33 -33 -31 -29 -27 -25 -25 -25 -25 -25 -23 -21 -21 -21 -19 -17 -15 -15 -16 -14 -12 -12 -10 -10 -10 -10 -9 -7 -5 -5 -4 -5 -4 -2 -3 -4 -2 0 0 1 0 1 0 -1 0 2 2 3 5 5 4 5 4 6 6 5 4 6 6 6 8 9 8 7 6 6 8 10 9 8 8 7 7 8 7 6 
-96 -94 -92 -90 -88 -86 -84 -82 -80 -78 -76 -74 -72 -70 -68 -66 -64 -62 -60 -58 -56 -56 -54 -52 -50 -48 -48 -48 -46 -44 -42 -42 -40 -38 -36 -34 -34 -32 -30 -28 -26 -26 -26 -26 -26 -24 -22 -22 -22 -20 -18 -16 -16 -16 -15 -13 -13 -11 -11 -11 -11 -10 -8 -6 -6 -4 -3 -4 -3 -3 -4 -3 -1 -1 1 0 1 0 -1 -1 1 1 2 4 4 4 5 4 5 5 5 4 5 5 5 7 9 8 7 6 5 7 9 9 8 7 7 6 8 7 6 
-97 -95 -93 -91 -89 -87 -85 -83 -81 -79 -77 -75 -73 -71 -69 -67 -65 -63 -61 -59 -57 -55 -55 -53 -51 -49 -49 -47 -47 -45 -43 -43 -41 -39 -37 -35 -35 -33 -31 -29 -27 -27 -27 -27 -25 -25 -23 -23 -21 -21 -19 -17 -15 -16 -16 -14 -12 -12 -12 -12 -10 -11 -9 -7 -5 -5 -4 -4 -4 -4 -4 -4 -2 -2 0 0 0 0 1 0 0 0 1 3 5 4 4 4 4 4 6 5 4 4 4 6 8 10 9 8 7 6 8 8 8 7 6 8 7 7 6 
-98 -96 -94 -92 -90 -88 -86 -84 -82 -80 -78 -76 -74 -72 -70 -68 -66 -64 -62 -60 -58 -56 -56 -54 -52 -50 -50 -48 -48 -46 -44 -44 -42 -40 -38 -36 -36 -34 -32 -30 -28 -28 -28 -28 -26 -24 -24 -24 -22 -20 -20 -18 -16 -16 -17 -15 -13 -13 -13 -13 -11 -11 -10 -8 -6 -4 -4 -3 -3 -4 -5 -5 -3 -3 -1 -1 1 0 0 0 1 0 0 2 4 4 5 4 5 4 5 5 6 5 4 5 7 9 9 8 7 8 7 7 7 7 6 7 9 8 7 
-99 -97 -95 -93 -91 -89 -87 -85 -83 -81 -79 -77 -75 -73 -71 -69 -67 -65 -63 -61 -59 -57 -57 -55 -53 -51 -51 -49 -49 -47 -45 -45 -43 -41 -39 -37 -37 -35 -33 -31 -29 -29 -29 -29 -27 -25 -25 -25 -23 -21 -21 -19 -17 -17 -17 -16 -14 -14 -14 -14 -12 -12 -11 -9 -7 -5 -3 -3 -2 -3 -4 -5 -4 -4 -2 -2 0 0 -1 -1 1 0 -1 1 3 3 5 4 5 4 4 4 6 5 4 5 6 8 8 8 7 8 9 8 7 6 6 6 8 8 7 
-100 -98 -96 -94 -92 -90 -88 -86 -84 -82 -80 -78 -76 -74 -72 -70 -68 -66 -64 -62 -60 -58 -56 -56 -54 -52 -52 -50 -48 -48 -46 -44 -44 -42 -40 -38 -36 -36 -34 -32 -30 -28 -28 -28 -28 -26 -26 -24 -24 -22 -22 -20 -18 -16 -17 -17 -15 -13 -13 -13 -13 -11 -12 -10 -8 -6 -4 -4 -3 -3 -2 -3 -4 -5 -3 -3 -1 1 0 -1 0 2 1 0 2 4 4 4 4 4 3 5 5 5 6 5 5 7 9 9 8 7 8 8 9 8 7 6 7 7 9 
-101 -99 -97 -95 -93 -91 -89 -87 -85 -83 -81 -79 -77 -75 -73 -71 -69 -67 -65 -63 -61 -59 -57 -55 -55 -53 -53 -51 -49 -47 -47 -45 -43 -43 -41 -39 -37 -37 -35 -33 -31 -29 -29 -29 -29 -27 -27 -25 -25 -23 -23 -21 -19 -17 -17 -16 -16 -14 -14 -14 -14 -12 -12 -11 -9 -7 -5 -3 -3 -4 -3 -3 -2 -3 -4 -4 -2 0 0 -1 0 1 1 2 1 3 5 4 5 4 3 4 6 5 5 7 6 6 8 8 8 9 8 7 8 8 7 6 7 6 8 
-102 -100 -98 -96 -94 -92 -90 -88 -86 -84 -82 -80 -78 -76 -74 -72 -70 -68 -66 -64 -62 -60 -58 -56 -56 -54 -54 -52 -50 -48 -48 -46 -44 -42 -42 -40 -38 -38 -36 -34 -32 -30 -30 -30 -30 -28 -28 -26 -26 -24 -24 -22 -20 -18 -18 -16 -17 -15 -15 -15 -15 -13 -13 -11 -10 -8 -6 -4 -2 -3 -4 -4 -2 -3 -2 -3 -3 -1 -1 -1 0 0 0 2 1 2 4 4 5 4 3 3 5 5 4 6 8 7 7 7 7 9 10 9 8 7 7 6 7 6 7 
-103 -101 -99 -97 -95 -93 -91 -89 -87 -85 -83 -81 -79 -77 -75 -73 -71 -69 -67 -65 -63 -61 -59 -57 -57 -55 -55 -53 -51 -49 -49 -47 -45 -43 -43 -41 -39 -39 -37 -35 -33 -31 -31 -31 -31 -29 -29 -27 -27 -25 -25 -23 -21 -19 -19 -17 -17 -16 -16 -16 -16 -14 -14 -12 -11 -9 -7 -5 -3 -3 -4 -5 -3 -3 -2 -3 -2 -2 -2 -2 0 -1 -1 1 1 1 3 3 5 4 3 2 4 4 4 5 7 7 6 6 6 8 10 9 8 7 6 6 7 6 6 
-104 -102 -100 -98 -96 -94 -92 -90 -88 -86 -84 -82 -80 -78 -76 -74 -72 -70 -68 -66 -64 -62 -60 -58 -58 -56 -56 -54 -52 -50 -50 -48 -46 -44 -42 -42 -40 -38 -38 -36 -34 -32 -32 -32 -30 -30 -30 -28 -26 -26 -26 -24 -22 -20 -20 -18 -16 -17 -17 -17 -15 -15 -15 -13 -11 -10 -8 -6 -4 -4 -4 -5 -4 -4 -3 -3 -3 -3 -1 -2 -1 -1 -2 0 2 1 2 2 4 4 5 4 3 3 3 4 6 8 7 6 7 7 9 9 8 7 6 7 6 6 5 
-105 -103 -101 -99 -97 -95 -93 -91 -89 -87 -85 -83 -81 -79 -77 -75 -73 -71 -69 -67 -65 -63 -61 -59 -59 -57 -57 -55 -53 -51 -51 -49 -47 -45 -43 -43 -41 -39 -37 -37 -35 -33 -33 -33 -31 -29 -30 -29 -27 -25 -26 -25 -23 -21 -21 -19 -17 -17 -18 -18 -16 -16 -16 -14 -12 -10 -9 -7 -5 -5 -5 -5 -4 -5 -3 -4 -2 -3 -2 -2 -1 -2 -2 -1 1 1 2 1 3 3 4 4 5 4 3 4 5 7 7 6 6 8 8 8 8 7 6 6 8 7 6 
-106 -104 -102 -100 -98 -96 -94 -92 -90 -88 -86 -84 -82 -80 -78 -76 -74 -72 -70 -68 -66 -64 -62 -60 -60 -58 -58 -56 -54 -52 -52 -50 -48 -46 -44 -44 -42 -40 -38 -36 -36 -34 -34 -34 -32 -30 -30 -30 -28 -26 -26 -25 -24 -22 -22 -20 -18 -18 -18 -19 -17 -17 -17 -15 -13 -11 -9 -8 -6 -6 -6 -6 -4 -5 -4 -4 -3 -3 -3 -3 -1 -2 -3 -1 0 0 2 1 2 2 3 3 5 4 3 4 5 6 6 6 5 7 9 8 7 7 6 5 7 7 6 
-107 -105 -103 -101 -99 -97 -95 -93 -91 -89 -87 -85 -83 -81 -79 -77 -75 -73 -71 -69 -67 -65 -63 -61 -61 -59 -59 -57 -55 -53 -53 -51 -49 -47 -45 -43 -43 -41 -39 -37 -37 -35 -33 -33 -33 -31 -31 -29 -29 -27 -27 -26 -25 -23 -23 -21 -19 -17 -17 -17 -18 -16 -17 -16 -14 -12 -10 -9 -7 -7 -5 -6 -5 -5 -5 -5 -4 -2 -3 -4 -2 0 -1 -2 -1 1 1 1 1 1 2 4 4 4 5 4 4 5 7 7 6 6 8 8 9 8 8 7 6 6 8 
-108 -106 -104 -102 -100 -98 -96 -94 -92 -90 -88 -86 -84 -82 -80 -78 -76 -74 -72 -70 -68 -66 -64 -62 -60 -60 -58 -58 -56 -54 -52 -52 -50 -48 -46 -44 -44 -42 -40 -38 -36 -36 -34 -34 -34 -32 -30 -30 -30 -28 -26 -27 -26 -24 -22 -22 -20 -18 -18 -18 -18 -17 -15 -16 -15 -13 -11 -10 -8 -6 -6 -4 -5 -4 -5 -4 -5 -3 -3 -2 -3 -1 1 0 -1 0 0 2 1 2 1 3 3 5 4 4 3 4 6 6 6 5 7 9 8 8 7 7 6 7 7 
-109 -107 -105 -103 -101 -99 -97 -95 -93 -91 -89 -87 -85 -83 -81 -79 -77 -75 -73 -71 -69 -67 -65 -63 -61 -59 -59 -59 -57 -55 -53 -53 -51 -49 -47 -45 -45 -43 -41 -39 -37 -37 -35 -35 -35 -33 -31 -31 -31 -29 -27 -25 -26 -25 -23 -21 -21 -19 -19 -19 -19 -18 -16 -14 -15 -14 -12 -10 -9 -7 -7 -5 -3 -4 -3 -4 -3 -4 -4 -3 -1 -2 0 2 1 0 1 1 3 2 1 2 4 4 4 5 5 4 5 5 5 7 6 8 8 7 7 6 8 7 6 
-110 -108 -106 -104 -102 -100 -98 -96 -94 -92 -90 -88 -86 -84 -82 -80 -78 -76 -74 -72 -70 -68 -66 -64 -62 -60 -60 -60 -58 -56 -54 -54 -52 -50 -48 -46 -46 -44 -42 -40 -38 -38 -36 -36 -36 -34 -32 -32 -32 -30 -28 -26 -26 -26 -24 -22 -22 -20 -20 -20 -20 -19 -17 -15 -15 -15 -13 -11 -10 -8 -8 -6 -4 -4 -4 -4 -4 -4 -5 -4 -2 -2 -1 1 1 0 0 0 2 2 1 1 3 3 3 4 4 4 4 4 4 6 6 7 7 7 6 6 7 7 0 
Aligned Sequence 1: -GGGAGGT-G-G-G-AGGTCGGGAGGTG-GGA-GGTCGG--GAGG-TGGGAGGTCGGGAGGTGGGAGGTCA-C-AGGGAGGT-G-G-G-AGGTCGGGAGGTG-GGAGGTCGGGAGGTGGGAGGTCGa-
Aligned Sequence 2: AGGG-GCTCGCGCGTACGTC--GA--TGCGCATGCT-GGATTAGGCT-TTAGCTAGCGA--T-CGA-TTTATCGAGGG-GCTCGCGCGTACGTC--GA--TGCGCATG-CTGGA-TTAGGCTTTAGCT


  0.816032 kernel Time elapsed 
