Seq 1 of size: 110
Seq 2 of size: 110
Number of CUDA devices: 1
Device 0: NVIDIA GeForce RTX 4090
  Compute Capability: 8.9
  Total Global Memory: 24195 MB
  Multiprocessor Count: 128
  Max Threads Per Block: 1024
  Max Threads Dim: [1024, 1024, 64]
  Max Grid Size: [2147483647, 65535, 65535]

HELLO THERE, I am nw4
Size of seq1: 110
Size of seq2: 110
Product: 12100
Number of blocks: 1
Number of Threads: 110


0 -1 -2 -3 -4 -5 -6 -7 -8 -9 -10 -11 -12 -13 -14 -15 -16 -17 -18 -19 -20 -21 -22 -23 -24 -25 -26 -27 -28 -29 -30 -31 -32 -33 -34 -35 -36 -37 -38 -39 -40 -41 -42 -43 -44 -45 -46 -47 -48 -49 -50 -51 -52 -53 -54 -55 -56 -57 -58 -59 -60 -61 -62 -63 -64 -65 -66 -67 -68 -69 -70 -71 -72 -73 -74 -75 -76 -77 -78 -79 -80 -81 -82 -83 -84 -85 -86 -87 -88 -89 -90 -91 -92 -93 -94 -95 -96 -97 -98 -99 -100 -101 -102 -103 -104 -105 -106 -107 -108 -109 -110 
-1 -1 -2 -3 -2 -3 -4 -5 -6 -7 -8 -9 -10 -11 -12 -13 -14 -15 -16 -17 -18 -19 -20 -21 -22 -23 -24 -25 -26 -27 -28 -29 -30 -31 -32 -33 -34 -35 -36 -37 -38 -39 -40 -41 -42 -43 -44 -45 -46 -47 -48 -49 -50 -51 -52 -53 -54 -55 -56 -57 -58 -59 -60 -61 -62 -63 -64 -65 -66 -67 -68 -69 -70 -71 -72 -73 -74 -75 -76 -77 -78 -79 -80 -81 -82 -83 -84 -85 -86 -87 -88 -89 -90 -91 -92 -93 -94 -95 -96 -97 -98 -99 -100 -101 -102 -103 -104 -105 -106 -107 -105 
-2 0 0 -1 -2 -1 -2 -3 -4 -5 -6 -7 -8 -9 -10 -11 -12 -13 -14 -15 -16 -17 -18 -19 -20 -21 -22 -23 -24 -25 -26 -27 -28 -29 -30 -31 -32 -33 -34 -35 -36 -37 -38 -39 -40 -41 -42 -43 -44 -45 -46 -47 -48 -49 -50 -51 -52 -53 -54 -55 -56 -57 -58 -59 -60 -61 -62 -63 -64 -65 -66 -67 -68 -69 -70 -71 -72 -73 -74 -75 -76 -77 -78 -79 -80 -81 -82 -83 -84 -85 -86 -87 -88 -89 -90 -91 -92 -93 -94 -95 -96 -97 -98 -99 -100 -101 -102 -103 -104 -102 -103 
-3 -1 1 1 0 -1 0 -1 -2 -3 -4 -5 -6 -7 -8 -9 -10 -11 -12 -13 -14 -15 -16 -17 -18 -19 -20 -21 -22 -23 -24 -25 -26 -27 -28 -29 -30 -31 -32 -33 -34 -35 -36 -37 -38 -39 -40 -41 -42 -43 -44 -45 -46 -47 -48 -49 -50 -51 -52 -53 -54 -55 -56 -57 -58 -59 -60 -61 -62 -63 -64 -65 -66 -67 -68 -69 -70 -71 -72 -73 -74 -75 -76 -77 -78 -79 -80 -81 -82 -83 -84 -85 -86 -87 -88 -89 -90 -91 -92 -93 -94 -95 -96 -97 -98 -99 -100 -101 -99 -100 -101 
-4 -2 0 2 1 1 0 -1 0 -1 -2 -3 -4 -5 -6 -7 -8 -9 -10 -11 -12 -13 -14 -15 -16 -17 -18 -19 -20 -21 -22 -23 -24 -25 -26 -27 -28 -29 -30 -31 -32 -33 -34 -35 -36 -37 -38 -39 -40 -41 -42 -43 -44 -45 -46 -47 -48 -49 -50 -51 -52 -53 -54 -55 -56 -57 -58 -59 -60 -61 -62 -63 -64 -65 -66 -67 -68 -69 -70 -71 -72 -73 -74 -75 -76 -77 -78 -79 -80 -81 -82 -83 -84 -85 -86 -87 -88 -89 -90 -91 -92 -93 -94 -95 -96 -97 -98 -96 -97 -98 -99 
-5 -3 -1 1 1 2 2 1 0 1 0 -1 -2 -3 -4 -5 -6 -7 -8 -9 -10 -11 -12 -13 -14 -15 -16 -17 -18 -19 -20 -21 -22 -23 -24 -25 -26 -27 -28 -29 -30 -31 -32 -33 -34 -35 -36 -37 -38 -39 -40 -41 -42 -43 -44 -45 -46 -47 -48 -49 -50 -51 -52 -53 -54 -55 -56 -57 -58 -59 -60 -61 -62 -63 -64 -65 -66 -67 -68 -69 -70 -71 -72 -73 -74 -75 -76 -77 -78 -79 -80 -81 -82 -83 -84 -85 -86 -87 -88 -89 -90 -91 -92 -93 -94 -95 -93 -94 -95 -96 -97 
-6 -4 -2 0 0 1 1 1 0 0 0 -1 -2 -3 -4 -3 -4 -5 -6 -7 -8 -9 -10 -11 -12 -13 -14 -15 -16 -17 -18 -19 -20 -21 -22 -23 -24 -25 -26 -27 -28 -29 -30 -31 -32 -33 -34 -35 -36 -37 -38 -39 -40 -41 -42 -43 -44 -45 -46 -47 -48 -49 -50 -51 -52 -53 -54 -55 -56 -57 -58 -59 -60 -61 -62 -63 -64 -65 -66 -67 -68 -69 -70 -71 -72 -73 -74 -75 -76 -77 -78 -79 -80 -81 -82 -83 -84 -85 -86 -87 -88 -89 -90 -91 -92 -90 -91 -92 -93 -94 -95 
-7 -5 -3 -1 -1 0 0 2 1 0 -1 -1 -2 -3 -2 -3 -4 -5 -6 -7 -8 -9 -8 -9 -10 -11 -12 -13 -14 -15 -16 -17 -18 -19 -20 -21 -22 -23 -24 -25 -26 -27 -28 -29 -30 -31 -32 -33 -34 -35 -36 -37 -38 -39 -40 -41 -42 -43 -44 -45 -46 -47 -48 -49 -50 -51 -52 -53 -54 -55 -56 -57 -58 -59 -60 -61 -62 -63 -64 -65 -66 -67 -68 -69 -70 -71 -72 -73 -74 -75 -76 -77 -78 -79 -80 -81 -82 -83 -84 -85 -86 -87 -88 -89 -87 -88 -89 -90 -91 -92 -93 
-8 -6 -4 -2 -2 -1 -1 1 1 0 -1 -2 -2 -3 -3 -1 -2 -3 -4 -5 -6 -7 -8 -9 -10 -11 -12 -13 -14 -15 -14 -15 -16 -17 -18 -19 -20 -21 -22 -23 -24 -25 -26 -27 -28 -29 -30 -31 -32 -33 -34 -35 -36 -37 -38 -39 -40 -41 -42 -43 -44 -45 -46 -47 -48 -49 -50 -51 -52 -53 -54 -55 -56 -57 -58 -59 -60 -61 -62 -63 -64 -65 -66 -67 -68 -69 -70 -71 -72 -73 -74 -75 -76 -77 -78 -79 -80 -81 -82 -83 -84 -85 -86 -84 -85 -86 -87 -88 -89 -90 -91 
-9 -7 -5 -3 -3 -1 0 0 2 2 1 0 -1 -1 -2 -2 0 -1 -2 -3 -4 -5 -6 -7 -8 -9 -10 -11 -12 -13 -14 -13 -14 -15 -16 -17 -18 -19 -20 -21 -22 -23 -24 -25 -26 -27 -28 -29 -30 -31 -32 -33 -34 -35 -36 -37 -38 -39 -40 -41 -42 -43 -44 -45 -46 -47 -48 -49 -50 -51 -52 -53 -54 -55 -56 -57 -58 -59 -60 -61 -62 -63 -64 -65 -66 -67 -68 -69 -70 -71 -72 -73 -74 -75 -76 -77 -78 -79 -80 -81 -82 -83 -81 -82 -83 -84 -85 -86 -87 -88 -89 
-10 -8 -6 -4 -4 -2 -1 -1 1 1 1 0 -1 -2 -2 -1 -1 -1 -2 -3 -4 -5 -6 -7 -8 -9 -10 -11 -12 -13 -12 -13 -14 -15 -16 -17 -18 -19 -20 -21 -22 -23 -24 -25 -26 -25 -26 -27 -28 -29 -30 -31 -32 -33 -34 -35 -36 -37 -38 -39 -40 -41 -42 -43 -44 -45 -46 -47 -48 -49 -50 -51 -52 -53 -54 -55 -56 -57 -58 -59 -60 -61 -62 -63 -64 -65 -66 -67 -68 -69 -70 -71 -72 -73 -74 -75 -76 -77 -78 -79 -80 -78 -79 -80 -81 -82 -83 -84 -85 -86 -87 
-11 -9 -7 -5 -5 -3 -1 -2 0 2 2 1 1 0 -1 -2 0 0 0 -1 -2 -3 -4 -5 -6 -7 -8 -9 -10 -11 -12 -11 -12 -13 -14 -15 -16 -17 -18 -19 -20 -21 -22 -23 -24 -25 -24 -25 -26 -27 -28 -29 -30 -31 -32 -33 -34 -35 -36 -37 -38 -39 -40 -41 -42 -43 -44 -45 -46 -47 -48 -49 -50 -51 -52 -53 -54 -55 -56 -57 -58 -59 -60 -61 -62 -63 -64 -65 -66 -67 -68 -69 -70 -71 -72 -73 -74 -75 -76 -77 -75 -76 -77 -78 -79 -80 -81 -82 -83 -84 -85 
-12 -10 -8 -6 -6 -4 -2 -2 -1 1 1 1 0 0 -1 0 -1 -1 -1 -1 -2 -3 -4 -5 -6 -7 -8 -9 -10 -11 -10 -11 -12 -13 -14 -15 -16 -17 -18 -19 -20 -21 -22 -23 -24 -23 -24 -25 -26 -27 -28 -29 -30 -31 -32 -33 -34 -35 -36 -37 -36 -37 -38 -39 -40 -41 -42 -43 -44 -45 -46 -47 -48 -49 -50 -51 -52 -53 -54 -55 -56 -57 -58 -59 -60 -61 -62 -63 -64 -65 -66 -67 -68 -69 -70 -71 -72 -73 -74 -72 -73 -74 -75 -76 -77 -78 -79 -80 -81 -82 -83 
-13 -11 -9 -7 -7 -5 -3 -3 -1 0 2 1 2 1 0 -1 1 0 0 -1 0 -1 -2 -3 -4 -5 -6 -7 -8 -9 -10 -9 -10 -11 -12 -13 -14 -15 -16 -17 -18 -19 -20 -21 -22 -23 -22 -23 -24 -25 -26 -27 -28 -29 -30 -31 -32 -33 -34 -35 -36 -37 -38 -39 -38 -39 -40 -41 -42 -43 -44 -45 -46 -47 -48 -49 -50 -51 -52 -53 -54 -55 -56 -57 -58 -59 -60 -61 -62 -63 -64 -65 -66 -67 -68 -69 -70 -71 -69 -70 -71 -72 -73 -74 -75 -76 -77 -78 -79 -80 -81 
-14 -12 -10 -8 -8 -6 -4 -2 -2 -1 1 1 1 1 2 1 0 0 -1 -1 -1 -1 0 -1 -2 -3 -4 -5 -6 -7 -8 -9 -10 -11 -12 -13 -14 -13 -14 -15 -16 -17 -18 -19 -20 -21 -22 -23 -24 -25 -26 -27 -26 -27 -28 -29 -30 -31 -32 -33 -34 -35 -36 -37 -38 -39 -40 -41 -42 -43 -42 -43 -44 -45 -46 -47 -48 -49 -50 -51 -52 -53 -54 -55 -56 -57 -58 -59 -60 -61 -62 -63 -64 -65 -66 -67 -68 -66 -67 -68 -69 -70 -71 -72 -73 -74 -75 -76 -77 -78 -79 
-15 -13 -11 -9 -7 -7 -5 -3 -3 -2 0 2 1 0 1 1 0 -1 -1 0 -1 -2 -1 -1 -2 -3 -2 -3 -4 -5 -6 -7 -8 -9 -10 -11 -12 -13 -14 -15 -16 -15 -16 -17 -18 -19 -20 -21 -22 -23 -24 -25 -26 -27 -28 -29 -28 -29 -30 -31 -32 -33 -34 -35 -36 -37 -38 -39 -40 -41 -42 -43 -44 -45 -44 -45 -46 -47 -48 -49 -50 -51 -52 -53 -54 -55 -56 -57 -58 -59 -60 -61 -62 -63 -64 -65 -63 -64 -65 -66 -67 -68 -69 -70 -71 -72 -73 -74 -75 -76 -77 
-16 -14 -12 -10 -8 -8 -6 -4 -4 -3 -1 1 1 0 0 2 1 0 -1 -1 -1 -2 -2 -2 -2 -3 -3 -3 -4 -5 -4 -5 -6 -7 -8 -9 -10 -11 -12 -13 -14 -15 -16 -17 -18 -17 -18 -19 -20 -21 -22 -23 -24 -25 -26 -27 -28 -29 -30 -31 -30 -31 -32 -33 -34 -35 -36 -37 -38 -39 -40 -41 -42 -43 -44 -45 -46 -47 -46 -47 -48 -49 -50 -51 -52 -53 -54 -55 -56 -57 -58 -59 -60 -61 -62 -60 -61 -62 -63 -64 -65 -66 -67 -68 -69 -70 -71 -72 -73 -74 -75 
-17 -15 -13 -11 -9 -7 -7 -5 -3 -3 -2 0 2 2 1 1 3 2 1 0 0 0 -1 -1 -1 -1 -2 -2 -2 -3 -4 -3 -4 -5 -6 -7 -8 -9 -10 -11 -12 -13 -14 -15 -16 -17 -16 -17 -18 -19 -20 -21 -22 -23 -24 -25 -26 -27 -28 -29 -30 -31 -32 -33 -32 -33 -34 -35 -36 -37 -38 -39 -40 -41 -42 -43 -44 -45 -46 -45 -46 -47 -48 -49 -50 -51 -52 -53 -54 -55 -56 -57 -58 -59 -57 -58 -59 -60 -61 -62 -63 -64 -65 -66 -67 -68 -69 -70 -71 -72 -73 
-18 -16 -14 -12 -10 -8 -8 -6 -4 -4 -3 -1 1 1 3 2 2 2 1 0 -1 -1 1 0 -1 -2 -2 -3 -3 -1 -2 -3 -4 -5 -6 -7 -8 -7 -8 -9 -10 -11 -12 -13 -14 -15 -16 -17 -18 -19 -20 -21 -20 -21 -22 -23 -24 -25 -26 -27 -28 -29 -30 -31 -32 -33 -34 -35 -36 -37 -36 -37 -38 -39 -40 -41 -42 -43 -44 -45 -46 -47 -48 -49 -50 -49 -50 -51 -52 -53 -54 -55 -56 -56 -57 -58 -59 -60 -61 -62 -61 -62 -63 -64 -65 -66 -67 -68 -69 -70 -71 
-19 -17 -15 -13 -11 -9 -9 -7 -5 -5 -4 -2 0 0 2 4 3 2 1 0 -1 -2 0 0 -1 -2 -3 -3 -4 -2 0 -1 -2 -3 -4 -5 -6 -7 -8 -9 -10 -11 -12 -13 -14 -13 -14 -15 -16 -17 -18 -19 -20 -21 -22 -23 -24 -25 -26 -27 -26 -27 -28 -29 -30 -31 -32 -33 -34 -35 -36 -37 -38 -39 -40 -41 -42 -43 -42 -43 -44 -45 -46 -47 -48 -49 -50 -51 -52 -53 -54 -55 -53 -54 -55 -56 -57 -58 -59 -60 -61 -62 -63 -64 -65 -66 -67 -68 -67 -68 -69 
-20 -18 -16 -14 -12 -10 -8 -8 -6 -4 -4 -3 -1 1 1 3 5 4 3 2 1 0 -1 1 1 0 -1 -2 -2 -3 -1 1 0 -1 -2 -3 -4 -5 -6 -7 -8 -9 -10 -11 -12 -13 -12 -13 -14 -15 -16 -17 -18 -19 -20 -21 -22 -23 -24 -25 -26 -27 -28 -29 -28 -29 -30 -31 -32 -33 -34 -35 -36 -37 -38 -39 -40 -41 -42 -41 -42 -43 -44 -45 -46 -47 -48 -49 -50 -51 -52 -50 -51 -52 -53 -54 -55 -56 -57 -58 -59 -60 -61 -62 -63 -64 -65 -66 -67 -66 -67 
-21 -19 -17 -15 -13 -11 -9 -9 -7 -5 -5 -3 -2 0 0 2 4 4 3 4 3 2 1 0 0 0 1 0 -1 -2 -2 0 0 -1 0 -1 -2 -3 -4 -5 -6 -7 -8 -9 -10 -11 -12 -13 -14 -13 -14 -15 -16 -17 -18 -19 -20 -21 -22 -23 -24 -25 -26 -27 -28 -29 -30 -29 -30 -31 -32 -33 -34 -35 -36 -37 -38 -39 -40 -41 -42 -43 -42 -43 -44 -45 -46 -47 -48 -49 -47 -48 -49 -50 -51 -52 -53 -54 -55 -56 -57 -58 -59 -60 -61 -62 -63 -64 -65 -66 -65 
-22 -20 -18 -16 -14 -12 -10 -8 -8 -6 -6 -4 -3 -1 1 1 3 3 3 3 3 2 3 2 1 0 0 0 -1 0 -1 -1 -1 -1 -1 -1 -2 -1 -2 -3 -4 -5 -6 -7 -8 -9 -10 -11 -12 -13 -14 -15 -14 -15 -16 -17 -18 -19 -20 -21 -22 -23 -24 -25 -26 -27 -28 -29 -30 -31 -30 -31 -32 -33 -34 -35 -36 -37 -38 -39 -40 -41 -42 -43 -44 -43 -44 -45 -46 -44 -45 -46 -47 -48 -49 -50 -51 -52 -53 -54 -55 -56 -57 -58 -59 -60 -61 -62 -63 -64 -65 
-23 -21 -19 -17 -15 -13 -11 -9 -7 -7 -5 -5 -3 -2 0 0 2 4 4 3 4 4 3 4 3 2 1 1 1 0 -1 0 0 0 -1 0 0 -1 0 -1 -2 -3 -4 -5 -6 -7 -8 -9 -10 -11 -12 -13 -14 -13 -14 -15 -16 -17 -18 -19 -20 -21 -22 -23 -24 -25 -26 -27 -28 -29 -30 -29 -30 -31 -32 -33 -34 -35 -36 -37 -38 -39 -40 -41 -42 -43 -42 -43 -43 -44 -43 -44 -45 -46 -47 -48 -49 -50 -51 -52 -53 -54 -55 -56 -57 -58 -59 -60 -61 -62 -63 
-24 -22 -20 -18 -16 -14 -12 -10 -8 -8 -6 -6 -4 -3 -1 1 1 3 3 3 3 3 3 3 3 2 1 0 0 0 1 0 -1 -1 -1 -1 -1 -1 -1 -1 -2 -3 -4 -5 -6 -5 -6 -7 -8 -9 -10 -11 -12 -13 -14 -15 -16 -17 -18 -19 -18 -19 -20 -21 -22 -23 -24 -25 -26 -27 -28 -29 -30 -31 -32 -33 -34 -35 -34 -35 -36 -37 -38 -39 -40 -41 -42 -40 -41 -42 -43 -44 -45 -44 -45 -46 -47 -48 -49 -50 -51 -52 -53 -54 -55 -56 -57 -58 -59 -60 -61 
-25 -23 -21 -19 -17 -15 -13 -11 -9 -7 -7 -7 -5 -3 -2 0 2 2 4 3 4 4 3 4 4 4 3 2 1 0 0 2 1 0 -1 0 0 -1 0 0 0 -1 -2 -3 -4 -5 -4 -5 -6 -7 -8 -9 -10 -11 -12 -13 -14 -15 -16 -17 -18 -19 -20 -21 -20 -21 -22 -23 -24 -25 -26 -27 -28 -29 -30 -31 -32 -33 -34 -33 -34 -35 -36 -37 -38 -39 -39 -40 -39 -40 -41 -42 -43 -44 -43 -44 -45 -46 -47 -48 -49 -50 -51 -52 -53 -54 -55 -56 -57 -58 -59 
-26 -24 -22 -20 -18 -16 -14 -12 -10 -8 -8 -8 -6 -4 -3 -1 1 1 3 3 3 3 3 3 3 3 3 2 1 0 1 1 1 0 -1 -1 -1 -1 -1 -1 -1 -1 -2 -3 -4 -3 -4 -5 -6 -7 -8 -9 -10 -11 -12 -13 -14 -15 -16 -17 -16 -17 -18 -19 -20 -21 -22 -23 -24 -25 -26 -27 -28 -29 -30 -31 -32 -33 -32 -33 -34 -35 -36 -37 -38 -36 -37 -38 -39 -40 -41 -42 -43 -42 -43 -44 -45 -46 -47 -48 -49 -50 -51 -52 -53 -54 -55 -56 -55 -56 -57 
-27 -25 -23 -21 -19 -17 -15 -13 -11 -9 -9 -7 -7 -5 -4 -2 0 0 2 4 3 2 2 2 2 2 4 3 2 1 0 0 0 0 1 0 -1 -2 -2 -2 -2 0 -1 -2 -3 -4 -4 -5 -6 -5 -6 -7 -8 -9 -10 -11 -12 -13 -14 -15 -16 -15 -16 -17 -18 -19 -20 -21 -22 -23 -24 -25 -26 -27 -28 -29 -30 -31 -32 -33 -34 -35 -34 -35 -35 -36 -37 -38 -39 -38 -39 -40 -41 -42 -43 -44 -45 -44 -45 -46 -47 -48 -49 -50 -51 -52 -53 -54 -55 -56 -55 
-28 -26 -24 -22 -20 -18 -16 -14 -12 -10 -10 -8 -8 -6 -4 -3 -1 -1 1 3 3 2 3 2 1 1 3 3 2 3 2 1 0 -1 0 0 -1 0 -1 -2 -3 -1 -1 -2 -1 -2 -3 -4 -5 -6 -6 -7 -6 -7 -8 -9 -10 -11 -12 -13 -14 -15 -16 -17 -18 -19 -20 -21 -22 -23 -22 -23 -24 -25 -26 -27 -28 -29 -30 -31 -32 -33 -34 -32 -33 -34 -35 -36 -37 -38 -39 -40 -39 -40 -41 -42 -43 -44 -45 -46 -45 -46 -47 -48 -49 -50 -51 -52 -53 -54 -55 
-29 -27 -25 -23 -21 -19 -17 -15 -13 -11 -9 -9 -7 -7 -5 -4 -2 0 0 2 4 4 3 4 3 2 2 4 4 3 2 3 2 1 0 1 1 0 1 0 -1 -2 0 0 -1 -2 -1 -2 -3 -4 -5 -5 -6 -5 -6 -7 -8 -9 -10 -11 -12 -13 -14 -15 -16 -17 -18 -19 -20 -21 -22 -21 -22 -23 -24 -25 -26 -27 -28 -29 -30 -31 -29 -30 -31 -32 -33 -34 -35 -36 -37 -38 -39 -40 -39 -40 -41 -42 -43 -44 -45 -44 -45 -46 -47 -48 -49 -50 -51 -52 -53 
-30 -28 -26 -24 -22 -20 -18 -16 -14 -12 -10 -10 -8 -8 -6 -4 -3 -1 -1 1 3 3 3 3 3 2 1 3 3 3 4 3 2 1 0 0 0 0 0 0 -1 -2 -1 -1 -1 0 -1 -2 -3 -4 -5 -6 -6 -6 -6 -7 -8 -9 -10 -11 -10 -11 -12 -13 -14 -15 -16 -17 -18 -19 -20 -21 -22 -23 -24 -25 -26 -27 -26 -27 -28 -28 -29 -30 -31 -32 -33 -34 -35 -36 -37 -38 -39 -38 -39 -40 -41 -42 -43 -44 -45 -45 -45 -46 -47 -48 -49 -50 -49 -50 -51 
-31 -29 -27 -25 -23 -21 -19 -17 -15 -13 -11 -11 -9 -9 -7 -5 -4 -2 -2 0 2 2 4 3 2 2 1 2 2 4 3 3 2 1 0 -1 -1 1 0 -1 -1 -2 -2 -2 0 -1 -1 -2 -3 -4 -5 -6 -5 -6 -7 -7 -8 -9 -10 -9 -10 -11 -12 -13 -14 -15 -16 -17 -18 -19 -18 -19 -20 -21 -22 -23 -24 -25 -26 -27 -25 -26 -27 -28 -29 -30 -31 -32 -33 -34 -35 -36 -37 -38 -39 -40 -41 -42 -43 -44 -43 -44 -45 -46 -47 -48 -49 -48 -49 -50 -51 
-32 -30 -28 -26 -24 -22 -20 -18 -16 -14 -12 -12 -10 -8 -8 -6 -4 -3 -1 -1 1 3 3 5 4 3 2 2 3 3 3 4 4 3 2 1 0 0 2 1 0 -1 -1 -1 -1 -1 0 0 -1 -2 -3 -4 -5 -4 -5 -6 -7 -7 -8 -9 -10 -11 -12 -13 -12 -13 -14 -15 -16 -17 -18 -17 -18 -19 -20 -21 -22 -23 -24 -22 -23 -24 -25 -26 -27 -28 -29 -30 -31 -32 -33 -34 -35 -36 -37 -38 -39 -40 -41 -42 -43 -42 -43 -44 -45 -46 -47 -48 -49 -48 -49 
-33 -31 -29 -27 -25 -23 -21 -19 -17 -15 -13 -13 -11 -9 -9 -7 -5 -3 -2 -2 0 2 2 4 6 5 4 3 3 2 2 4 5 5 4 3 2 1 1 3 2 1 0 0 -1 -2 0 1 1 0 -1 -2 -3 -4 -3 -4 -5 -6 -6 -7 -8 -9 -10 -11 -12 -11 -12 -13 -14 -15 -16 -17 -16 -17 -18 -19 -20 -21 -19 -20 -21 -22 -23 -24 -25 -26 -27 -28 -29 -30 -31 -32 -33 -34 -35 -36 -37 -38 -39 -40 -41 -42 -41 -42 -43 -44 -45 -46 -47 -48 -49 
-34 -32 -30 -28 -26 -24 -22 -20 -18 -16 -14 -12 -12 -10 -10 -8 -6 -4 -3 -1 -1 1 1 3 5 5 6 5 4 3 2 3 4 4 6 5 4 3 2 2 2 3 2 1 0 -1 -1 0 0 2 1 0 -1 -2 -3 -4 -3 -4 -5 -6 -7 -7 -8 -9 -10 -11 -12 -11 -12 -13 -14 -15 -16 -17 -16 -17 -18 -18 -19 -20 -21 -22 -21 -22 -23 -24 -25 -26 -27 -28 -29 -30 -31 -32 -33 -34 -35 -36 -37 -38 -39 -40 -41 -42 -41 -42 -43 -44 -45 -46 -47 
-35 -33 -31 -29 -27 -25 -23 -21 -19 -17 -15 -13 -13 -11 -9 -9 -7 -5 -4 -2 -2 0 2 2 4 4 5 5 4 5 4 3 3 3 5 5 4 5 4 3 2 2 2 1 2 1 0 -1 -1 1 1 0 1 0 -1 -2 -3 -4 -5 -4 -5 -6 -7 -8 -9 -10 -11 -12 -12 -13 -12 -13 -14 -15 -16 -17 -17 -17 -18 -19 -20 -21 -22 -22 -23 -22 -23 -24 -25 -26 -27 -28 -29 -30 -31 -32 -33 -34 -35 -36 -37 -38 -39 -40 -41 -42 -43 -42 -43 -44 -45 
-36 -34 -32 -30 -28 -26 -24 -22 -20 -18 -16 -14 -14 -12 -10 -10 -8 -6 -5 -3 -3 -1 1 1 3 3 4 4 4 5 4 3 2 2 4 4 4 5 4 3 2 1 1 1 2 1 0 -1 -2 0 0 0 1 0 -1 -2 -3 -4 -5 -4 -5 -6 -7 -8 -9 -10 -11 -12 -13 -13 -12 -13 -14 -15 -16 -16 -17 -16 -17 -18 -19 -20 -21 -22 -23 -22 -23 -24 -25 -26 -27 -28 -27 -28 -29 -30 -31 -32 -33 -34 -35 -36 -37 -38 -39 -40 -41 -42 -43 -44 -45 
-37 -35 -33 -31 -29 -27 -25 -23 -21 -19 -17 -15 -15 -13 -11 -11 -9 -7 -6 -4 -4 -2 0 0 2 2 4 3 3 4 4 3 2 1 3 3 3 4 4 3 2 3 2 1 1 1 0 -1 -2 -1 -1 -1 0 0 -1 -2 -1 -2 -3 -4 -5 -4 -5 -6 -7 -8 -9 -10 -11 -12 -13 -13 -14 -15 -13 -14 -15 -16 -17 -18 -19 -20 -19 -20 -21 -22 -23 -24 -25 -24 -25 -26 -27 -28 -29 -30 -31 -30 -31 -32 -33 -34 -35 -36 -37 -38 -39 -40 -41 -42 -43 
-38 -36 -34 -32 -30 -28 -26 -24 -22 -20 -18 -16 -14 -14 -12 -12 -10 -8 -6 -5 -3 -3 -1 1 1 3 3 5 4 3 3 5 4 3 2 4 4 3 5 5 4 3 4 3 2 1 2 1 0 -1 0 0 -1 1 1 0 -1 0 -1 -2 -3 -4 -5 -6 -5 -6 -7 -8 -9 -10 -11 -12 -12 -11 -12 -12 -13 -14 -15 -16 -17 -18 -19 -18 -19 -20 -21 -22 -23 -24 -23 -24 -25 -26 -27 -28 -29 -30 -29 -30 -31 -32 -33 -34 -35 -36 -37 -38 -39 -40 -41 
-39 -37 -35 -33 -31 -29 -27 -25 -23 -21 -19 -17 -15 -13 -13 -13 -11 -9 -7 -6 -4 -2 -2 0 2 2 2 4 6 5 4 4 6 5 4 3 5 4 4 6 6 5 4 5 4 3 2 3 2 1 0 1 0 0 2 2 1 0 1 0 -1 -2 -3 -4 -5 -4 -5 -6 -7 -8 -9 -10 -10 -11 -12 -11 -11 -12 -13 -14 -15 -16 -17 -18 -17 -18 -19 -20 -21 -22 -23 -22 -23 -24 -25 -26 -27 -28 -29 -28 -29 -30 -31 -32 -33 -34 -35 -36 -37 -38 -39 
-40 -38 -36 -34 -32 -30 -28 -26 -24 -22 -20 -18 -16 -14 -14 -12 -12 -10 -8 -7 -5 -3 -3 -1 1 1 1 3 5 5 6 5 5 5 4 3 4 4 3 5 5 5 4 4 4 5 4 3 2 1 0 0 0 -1 1 1 1 0 0 0 1 0 -1 -2 -3 -4 -5 -6 -7 -8 -9 -9 -10 -11 -12 -12 -12 -12 -11 -12 -13 -14 -15 -16 -17 -18 -19 -20 -21 -22 -23 -23 -23 -22 -23 -24 -25 -26 -27 -28 -29 -30 -31 -32 -33 -34 -35 -36 -35 -36 -37 
-41 -39 -37 -35 -33 -31 -29 -27 -25 -23 -21 -19 -17 -15 -13 -13 -13 -11 -9 -8 -6 -4 -2 -2 0 0 0 2 4 6 5 5 4 4 4 3 3 5 4 4 4 4 4 3 5 4 4 3 2 1 0 -1 1 0 0 0 0 0 -1 1 0 0 -1 -2 -3 -4 -5 -6 -7 -8 -7 -8 -9 -10 -11 -12 -13 -11 -12 -12 -13 -14 -15 -16 -17 -16 -17 -18 -19 -20 -21 -22 -22 -23 -23 -24 -25 -26 -27 -28 -27 -28 -29 -30 -31 -32 -33 -34 -35 -36 -37 
-42 -40 -38 -36 -34 -32 -30 -28 -26 -24 -22 -20 -18 -16 -14 -14 -14 -12 -10 -9 -7 -5 -3 -3 -1 -1 -1 1 3 5 5 4 4 3 3 3 2 4 4 3 3 3 3 3 4 4 3 3 2 1 0 -1 0 0 -1 -1 -1 -1 -1 0 0 -1 -1 -2 -3 -4 -5 -6 -7 -7 -7 -8 -9 -10 -11 -12 -13 -12 -12 -13 -13 -14 -15 -16 -17 -16 -17 -18 -19 -20 -21 -22 -21 -22 -23 -24 -25 -26 -27 -28 -27 -28 -29 -30 -31 -32 -33 -32 -33 -34 -35 
-43 -41 -39 -37 -35 -33 -31 -29 -27 -25 -23 -21 -19 -17 -15 -15 -15 -13 -11 -10 -8 -6 -4 -4 -2 -2 -2 0 2 4 4 4 3 3 2 2 2 3 3 3 2 2 2 2 4 3 3 2 2 1 0 -1 0 -1 -1 -2 -2 -2 -2 0 -1 -1 -2 -2 -3 -4 -5 -6 -5 -6 -6 -7 -8 -9 -10 -11 -12 -12 -13 -13 -14 -14 -15 -16 -17 -16 -17 -18 -19 -20 -21 -22 -21 -22 -23 -24 -25 -26 -27 -28 -27 -28 -29 -30 -31 -32 -33 -32 -33 -34 -35 
-44 -42 -40 -38 -36 -34 -32 -30 -28 -26 -24 -22 -20 -18 -16 -16 -16 -14 -12 -10 -9 -7 -5 -5 -3 -3 -1 -1 1 3 3 3 3 2 4 3 2 2 2 2 2 3 2 1 3 3 2 2 1 3 2 1 0 -1 -2 -2 -1 -2 -3 -1 -1 0 -1 -1 -2 -3 -4 -2 -3 -4 -5 -6 -7 -8 -8 -9 -10 -11 -12 -13 -14 -15 -13 -14 -15 -16 -17 -18 -19 -18 -19 -20 -21 -22 -23 -24 -25 -24 -25 -26 -27 -28 -29 -30 -29 -30 -31 -32 -33 -34 -33 
-45 -43 -41 -39 -37 -35 -33 -31 -29 -27 -25 -23 -21 -19 -17 -17 -15 -15 -13 -11 -9 -8 -6 -4 -4 -2 -2 0 0 2 2 4 4 4 3 5 4 3 3 3 3 2 4 3 2 2 4 3 3 2 4 3 2 1 0 -1 -2 0 -1 -2 -2 -1 -1 -2 0 -1 -2 -3 -1 -2 -3 -4 -5 -6 -7 -7 -8 -9 -10 -11 -12 -13 -14 -12 -13 -14 -15 -16 -17 -18 -17 -18 -19 -20 -21 -22 -23 -24 -23 -24 -25 -26 -27 -28 -29 -28 -29 -30 -31 -32 -33 
-46 -44 -42 -40 -38 -36 -34 -32 -30 -28 -26 -24 -22 -20 -18 -16 -16 -16 -14 -12 -10 -9 -7 -5 -5 -3 -3 -1 -1 1 3 3 3 3 3 4 4 3 2 2 2 2 3 3 2 3 3 3 2 2 3 3 2 1 0 -1 -2 -1 -1 -2 -1 -2 0 -1 -1 -1 -2 -3 -2 -2 -3 -4 -5 -6 -7 -8 -8 -9 -8 -9 -10 -11 -12 -13 -13 -14 -15 -16 -17 -18 -18 -18 -19 -18 -19 -20 -21 -22 -23 -24 -25 -26 -27 -28 -29 -29 -29 -30 -29 -30 -31 
-47 -45 -43 -41 -39 -37 -35 -33 -31 -29 -27 -25 -23 -21 -19 -17 -17 -17 -15 -13 -11 -10 -8 -6 -6 -4 -4 -2 -2 0 2 2 2 2 2 3 3 5 4 3 2 1 2 2 4 3 2 2 2 1 2 2 4 3 2 1 0 -1 -2 0 -1 -2 -1 -1 -2 -2 -2 -3 -3 -3 -1 -2 -3 -4 -5 -6 -7 -7 -8 -9 -10 -11 -12 -13 -14 -12 -13 -14 -15 -16 -17 -18 -17 -18 -19 -20 -21 -22 -23 -24 -23 -24 -25 -26 -27 -28 -29 -28 -29 -30 -31 
-48 -46 -44 -42 -40 -38 -36 -34 -32 -30 -28 -26 -24 -22 -20 -18 -18 -18 -16 -14 -12 -11 -9 -7 -7 -5 -3 -3 -3 -1 1 1 1 1 3 2 2 4 4 3 2 3 2 1 3 3 2 1 1 3 2 1 3 3 2 1 2 1 0 -1 -1 0 -1 0 -1 -2 -3 -1 -2 -3 -2 -2 -3 -4 -3 -4 -5 -6 -7 -8 -9 -10 -10 -11 -12 -13 -13 -14 -15 -14 -15 -16 -17 -18 -19 -20 -21 -20 -21 -22 -23 -24 -25 -26 -25 -26 -27 -28 -29 -30 -29 
-49 -47 -45 -43 -41 -39 -37 -35 -33 -31 -29 -27 -25 -23 -21 -19 -17 -17 -17 -15 -13 -11 -10 -8 -6 -6 -4 -2 -2 -2 0 2 2 2 2 4 3 3 5 5 4 3 4 3 2 2 4 3 2 2 4 3 2 4 4 3 2 3 2 1 0 -1 1 0 1 0 -1 -2 0 -1 -2 -1 -1 -2 -3 -2 -3 -4 -5 -6 -7 -8 -9 -9 -10 -11 -12 -12 -13 -14 -13 -14 -15 -16 -17 -18 -19 -20 -19 -20 -21 -22 -23 -24 -25 -24 -25 -26 -27 -28 -29 
-50 -48 -46 -44 -42 -40 -38 -36 -34 -32 -30 -28 -26 -24 -22 -20 -18 -18 -18 -16 -14 -12 -11 -9 -7 -7 -5 -3 -3 -3 -1 1 1 1 1 3 3 2 4 4 4 3 3 3 2 3 3 3 2 1 3 3 2 3 3 3 2 2 2 1 2 1 0 0 0 0 -1 -2 -1 -1 -2 -2 -2 -2 -3 -3 -3 -4 -3 -4 -5 -6 -7 -8 -9 -10 -11 -12 -13 -14 -14 -14 -15 -14 -15 -16 -17 -18 -19 -20 -21 -22 -23 -24 -25 -25 -25 -26 -25 -26 -27 
-51 -49 -47 -45 -43 -41 -39 -37 -35 -33 -31 -29 -27 -25 -23 -21 -19 -17 -17 -17 -15 -13 -12 -10 -8 -6 -6 -4 -2 -3 -2 0 2 2 1 2 4 3 3 5 5 4 4 4 3 2 4 4 4 3 2 4 3 3 4 4 3 3 3 2 2 1 0 -1 1 1 1 0 -1 0 -1 -1 -1 -1 -2 -2 -2 -3 -4 -2 -3 -4 -5 -6 -7 -8 -9 -10 -11 -12 -13 -13 -14 -15 -13 -14 -15 -16 -17 -18 -19 -20 -21 -22 -23 -24 -24 -25 -26 -24 -25 
-52 -50 -48 -46 -44 -42 -40 -38 -36 -34 -32 -30 -28 -26 -24 -22 -20 -18 -18 -16 -16 -14 -13 -11 -9 -7 -5 -5 -3 -3 -3 -1 1 1 3 2 3 3 2 4 4 6 5 4 3 2 3 3 3 5 4 3 3 2 3 3 5 4 3 3 2 3 2 1 0 0 0 2 1 0 -1 -2 -2 -2 0 -1 -2 -3 -4 -3 -3 -4 -3 -4 -5 -6 -7 -8 -9 -10 -11 -12 -13 -14 -14 -14 -15 -14 -15 -16 -17 -18 -19 -20 -21 -22 -23 -24 -25 -25 -23 
-53 -51 -49 -47 -45 -43 -41 -39 -37 -35 -33 -31 -29 -27 -25 -23 -21 -19 -19 -17 -17 -15 -13 -12 -10 -8 -6 -6 -4 -2 -3 -2 0 0 2 2 2 4 3 3 3 5 5 4 5 4 3 2 2 4 4 3 4 3 2 2 4 4 3 4 3 2 2 1 0 -1 -1 1 1 0 1 0 -1 -2 -1 -1 -2 -1 -2 -3 -4 -4 -4 -4 -5 -4 -5 -6 -7 -8 -9 -10 -11 -12 -13 -14 -15 -15 -15 -16 -15 -16 -17 -18 -19 -20 -21 -22 -23 -24 -24 
-54 -52 -50 -48 -46 -44 -42 -40 -38 -36 -34 -32 -30 -28 -26 -24 -22 -20 -20 -18 -18 -16 -14 -13 -11 -9 -7 -7 -5 -3 -1 -2 -1 -1 1 1 1 3 3 2 2 4 4 4 4 6 5 4 3 3 3 3 3 3 2 1 3 3 3 3 5 4 3 2 1 0 -1 0 0 0 0 0 -1 -2 -2 -2 -2 -2 0 -1 -2 -3 -4 -5 -5 -5 -5 -6 -7 -8 -9 -10 -11 -10 -11 -12 -13 -14 -15 -16 -16 -16 -17 -18 -19 -20 -21 -22 -21 -22 -23 
-55 -53 -51 -49 -47 -45 -43 -41 -39 -37 -35 -33 -31 -29 -27 -25 -23 -21 -19 -19 -17 -17 -15 -13 -12 -10 -8 -6 -6 -4 -2 0 -1 0 0 2 2 2 4 4 3 3 5 5 4 5 7 6 5 4 4 4 3 4 4 3 2 4 4 3 4 4 3 2 3 2 1 0 1 1 0 1 1 0 -1 -1 -1 -2 -1 1 0 -1 -2 -3 -4 -5 -4 -4 -5 -6 -7 -8 -9 -10 -9 -10 -11 -12 -13 -14 -15 -15 -15 -16 -17 -18 -19 -20 -21 -20 -21 
-56 -54 -52 -50 -48 -46 -44 -42 -40 -38 -36 -34 -32 -30 -28 -26 -24 -22 -20 -18 -18 -18 -16 -14 -13 -11 -9 -7 -7 -5 -3 -1 -1 -1 1 1 1 1 3 3 3 4 4 4 4 4 6 6 5 6 5 4 3 3 3 3 4 3 3 3 3 5 4 4 3 2 1 2 1 0 0 0 0 0 1 0 -1 -2 -2 0 0 -1 0 -1 -2 -3 -4 -5 -5 -4 -5 -6 -7 -8 -9 -10 -11 -10 -11 -12 -13 -14 -15 -16 -15 -16 -17 -18 -19 -20 -19 
-57 -55 -53 -51 -49 -47 -45 -43 -41 -39 -37 -35 -33 -31 -29 -27 -25 -23 -21 -19 -19 -19 -17 -15 -14 -12 -10 -8 -8 -6 -4 -2 -2 -2 0 0 0 2 2 2 2 3 3 3 5 4 5 5 5 5 5 4 5 4 4 3 3 3 2 4 3 4 4 3 3 2 1 1 1 0 1 0 -1 -1 0 0 -1 0 -1 -1 -1 -1 -1 -1 -2 -1 -2 -3 -4 -5 -5 -6 -5 -6 -7 -8 -9 -10 -11 -12 -11 -12 -13 -14 -15 -16 -17 -16 -17 -18 -19 
-58 -56 -54 -52 -50 -48 -46 -44 -42 -40 -38 -36 -34 -32 -30 -28 -26 -24 -22 -20 -20 -20 -18 -16 -15 -13 -11 -9 -9 -7 -5 -3 -3 -3 -1 -1 -1 1 1 1 1 2 2 2 4 4 4 4 4 4 4 4 5 4 3 3 2 2 2 3 3 3 3 3 2 2 1 0 0 0 1 0 -1 -2 -1 -1 -1 0 -1 -2 -2 -2 -2 -2 -2 -1 -2 -3 -4 -5 -6 -6 -5 -6 -7 -8 -9 -10 -11 -12 -11 -12 -13 -14 -15 -16 -17 -16 -17 -18 -19 
-59 -57 -55 -53 -51 -49 -47 -45 -43 -41 -39 -37 -35 -33 -31 -29 -27 -25 -23 -21 -21 -21 -19 -17 -16 -14 -12 -10 -10 -8 -6 -4 -4 -4 -2 -2 -2 0 0 0 0 1 1 1 3 3 3 3 3 3 3 3 5 4 3 2 2 1 1 3 2 2 2 2 2 1 1 0 -1 -1 1 0 -1 -2 -2 -2 -2 0 -1 -2 -3 -3 -3 -3 -3 -1 -2 -3 -4 -5 -6 -7 -5 -6 -7 -8 -9 -10 -11 -12 -11 -12 -13 -14 -15 -16 -17 -16 -17 -18 -19 
-60 -58 -56 -54 -52 -50 -48 -46 -44 -42 -40 -38 -36 -34 -32 -30 -28 -26 -24 -22 -22 -22 -20 -18 -17 -15 -13 -11 -11 -9 -7 -5 -5 -5 -3 -3 -3 -1 -1 -1 -1 1 0 0 2 2 2 2 2 4 3 2 4 4 3 2 3 2 1 2 2 3 2 3 2 1 0 2 1 0 0 0 -1 -2 -1 -2 -3 -1 -1 -2 -3 -4 -2 -3 -4 -2 -2 -3 -4 -3 -4 -5 -6 -6 -7 -8 -9 -8 -9 -10 -11 -12 -13 -14 -13 -14 -15 -16 -17 -18 -17 
-61 -59 -57 -55 -53 -51 -49 -47 -45 -43 -41 -39 -37 -35 -33 -31 -29 -27 -25 -23 -23 -23 -21 -19 -18 -16 -14 -12 -12 -10 -8 -6 -6 -6 -4 -4 -4 -2 -2 -2 -2 0 0 -1 1 1 1 1 1 3 3 2 3 3 3 2 2 2 1 2 1 2 2 2 2 1 0 1 1 0 1 0 -1 -2 -2 -2 -3 -2 -2 -2 -3 -4 -3 -3 -4 -3 -3 -3 -4 -4 -4 -5 -4 -5 -6 -7 -8 -9 -9 -10 -9 -10 -11 -12 -13 -14 -15 -14 -15 -16 -17 
-62 -60 -58 -56 -54 -52 -50 -48 -46 -44 -42 -40 -38 -36 -34 -32 -30 -28 -26 -24 -24 -24 -22 -20 -19 -17 -15 -13 -13 -11 -9 -7 -7 -7 -5 -5 -5 -3 -3 -3 -3 -1 -1 -1 0 2 1 0 0 1 2 2 2 2 2 2 1 1 1 1 3 2 3 2 1 1 0 0 0 0 0 0 -1 -2 -3 -3 -3 -3 -1 -2 -3 -4 -4 -4 -4 -4 -4 -4 -4 -5 -5 -5 -5 -3 -4 -5 -6 -7 -8 -9 -10 -10 -11 -12 -13 -14 -15 -15 -13 -14 -15 
-63 -61 -59 -57 -55 -53 -51 -49 -47 -45 -43 -41 -39 -37 -35 -33 -31 -29 -27 -25 -23 -23 -23 -21 -19 -18 -16 -14 -12 -12 -10 -8 -6 -6 -6 -4 -4 -4 -2 -2 -2 -2 0 0 -1 1 3 2 1 0 2 3 2 3 3 3 2 2 2 1 2 2 2 2 3 2 2 1 1 1 0 1 1 0 -1 -2 -2 -3 -2 0 -1 -2 -3 -3 -3 -4 -3 -3 -3 -4 -4 -4 -5 -4 -2 -3 -4 -5 -6 -7 -8 -9 -9 -10 -11 -12 -13 -14 -14 -12 -13 
-64 -62 -60 -58 -56 -54 -52 -50 -48 -46 -44 -42 -40 -38 -36 -34 -32 -30 -28 -26 -24 -24 -24 -22 -20 -19 -17 -15 -13 -13 -11 -9 -7 -7 -5 -5 -5 -5 -3 -3 -3 -1 -1 -1 -1 0 2 2 1 2 1 2 2 2 2 2 4 3 2 1 1 3 2 3 2 2 1 3 2 1 0 0 0 0 1 0 -1 -2 -3 -1 -1 -2 -1 -2 -3 -4 -4 -4 -4 -2 -3 -4 -5 -5 -3 -3 -4 -3 -4 -5 -6 -7 -8 -9 -9 -10 -11 -12 -13 -13 -11 
-65 -63 -61 -59 -57 -55 -53 -51 -49 -47 -45 -43 -41 -39 -37 -35 -33 -31 -29 -27 -25 -23 -24 -23 -21 -19 -18 -16 -14 -14 -12 -10 -8 -6 -6 -4 -4 -5 -4 -2 -2 -2 0 0 -1 -1 1 3 3 2 3 2 1 3 3 3 3 5 4 3 2 2 2 2 4 3 3 2 4 3 2 1 1 1 0 2 1 0 -1 -2 0 0 -1 0 -1 -2 -3 -3 -3 -3 -1 -2 -3 -4 -4 -2 -2 -3 -2 -3 -4 -5 -6 -7 -8 -8 -9 -10 -11 -12 -12 
-66 -64 -62 -60 -58 -56 -54 -52 -50 -48 -46 -44 -42 -40 -38 -36 -34 -32 -30 -28 -26 -24 -24 -23 -22 -20 -19 -17 -15 -15 -13 -11 -9 -7 -7 -5 -3 -4 -4 -3 -1 -2 -1 1 0 -1 0 2 4 3 3 4 3 2 4 4 3 4 6 5 4 3 2 1 3 5 4 3 3 5 4 3 2 2 1 1 3 2 1 0 -1 1 0 0 1 0 -1 -2 -2 -3 -2 0 -1 -2 -3 -3 -1 -2 -2 -1 -2 -3 -4 -5 -6 -7 -7 -8 -9 -10 -11 
-67 -65 -63 -61 -59 -57 -55 -53 -51 -49 -47 -45 -43 -41 -39 -37 -35 -33 -31 -29 -27 -25 -25 -23 -22 -21 -20 -18 -16 -16 -14 -12 -10 -8 -8 -6 -4 -4 -3 -3 -2 -2 -1 0 0 -1 0 1 3 3 4 4 3 4 3 5 4 4 5 5 4 3 2 1 2 4 6 5 4 4 4 5 4 3 2 2 2 2 1 2 1 0 0 1 1 0 1 0 -1 -2 -2 -1 -1 -2 -1 -2 -2 -2 -1 -1 -2 -1 -2 -3 -4 -5 -6 -7 -8 -8 -9 
-68 -66 -64 -62 -60 -58 -56 -54 -52 -50 -48 -46 -44 -42 -40 -38 -36 -34 -32 -30 -28 -26 -26 -24 -22 -21 -21 -19 -17 -17 -15 -13 -11 -9 -9 -7 -5 -5 -3 -2 -2 -3 -1 0 -1 -1 0 1 2 2 4 5 4 4 5 4 4 5 5 4 4 3 2 1 2 3 5 5 6 5 4 5 6 5 4 3 3 2 1 2 3 2 1 1 2 1 1 2 1 0 -1 -1 -2 -2 -1 0 -1 -2 -1 0 -1 -1 0 -1 -2 -3 -4 -5 -6 -7 -8 
-69 -67 -65 -63 -61 -59 -57 -55 -53 -51 -49 -47 -45 -43 -41 -39 -37 -35 -33 -31 -29 -27 -27 -25 -23 -22 -22 -20 -18 -18 -16 -14 -12 -10 -10 -8 -6 -6 -4 -3 -3 -3 -4 -1 -1 0 -1 0 1 1 3 4 4 3 4 4 3 4 4 4 5 4 4 3 2 2 4 4 5 5 4 4 5 5 4 3 2 2 3 2 2 2 1 0 1 1 0 1 1 0 -1 -2 -2 -1 -2 -1 -1 -2 -2 -1 -1 -2 -1 -1 -2 -3 -4 -5 -4 -5 -6 
-70 -68 -66 -64 -62 -60 -58 -56 -54 -52 -50 -48 -46 -44 -42 -40 -38 -36 -34 -32 -30 -28 -26 -26 -24 -23 -23 -21 -19 -17 -17 -15 -13 -11 -11 -9 -7 -5 -5 -4 -4 -4 -4 -2 0 -1 -1 -1 0 0 2 3 5 4 3 3 3 3 3 5 4 4 3 3 2 1 3 3 4 4 6 5 4 4 4 3 2 3 2 2 1 1 1 0 0 2 1 0 0 0 -1 -2 -1 -2 -2 -2 -2 -2 -3 -2 0 -1 -2 -2 -2 -3 -4 -3 -4 -5 -6 
-71 -69 -67 -65 -63 -61 -59 -57 -55 -53 -51 -49 -47 -45 -43 -41 -39 -37 -35 -33 -31 -29 -27 -27 -25 -24 -24 -22 -20 -18 -16 -16 -14 -12 -12 -10 -8 -6 -6 -5 -5 -5 -5 -3 -1 1 0 -1 -1 -1 1 2 4 4 3 2 2 2 2 4 6 5 5 4 3 2 2 2 3 3 5 5 4 3 3 3 2 2 4 3 2 1 0 0 -1 1 1 0 -1 -1 -1 -2 -2 0 -1 -2 -3 -3 -3 -3 -1 -1 -2 -3 -3 -3 -4 -4 -2 -3 -4 
-72 -70 -68 -66 -64 -62 -60 -58 -56 -54 -52 -50 -48 -46 -44 -42 -40 -38 -36 -34 -32 -30 -28 -26 -26 -24 -25 -23 -21 -19 -17 -15 -15 -13 -13 -11 -9 -7 -5 -5 -4 -5 -4 -4 -2 0 2 1 0 -1 0 2 3 5 5 4 3 3 3 3 5 5 4 4 5 4 3 2 3 4 4 6 6 5 4 4 4 3 3 5 4 3 2 1 1 0 2 2 1 0 0 0 -1 -1 1 0 -1 -2 -2 -2 -2 0 0 -1 -2 -2 -2 -3 -3 -1 -2 
-73 -71 -69 -67 -65 -63 -61 -59 -57 -55 -53 -51 -49 -47 -45 -43 -41 -39 -37 -35 -33 -31 -29 -27 -27 -25 -25 -24 -22 -20 -18 -16 -16 -14 -14 -12 -10 -8 -8 -6 -5 -5 -5 -5 -3 -1 1 1 0 -1 -1 1 2 4 4 4 3 2 2 2 4 4 6 5 4 4 3 2 2 3 3 5 5 5 4 3 3 3 4 4 4 3 2 1 0 0 1 1 1 0 -1 -1 -1 0 0 0 -1 -2 -3 -3 -3 -1 -1 -1 -2 -3 -3 -3 -2 -2 -2 
-74 -72 -70 -68 -66 -64 -62 -60 -58 -56 -54 -52 -50 -48 -46 -44 -42 -40 -38 -36 -34 -32 -30 -28 -26 -26 -26 -24 -23 -21 -19 -17 -15 -15 -15 -13 -11 -11 -7 -7 -5 -6 -4 -4 -4 -2 0 2 2 1 0 0 1 3 5 5 4 4 3 2 3 3 5 5 6 5 5 4 3 3 2 4 6 6 5 5 4 3 3 5 5 5 4 3 2 1 1 2 2 1 1 0 -1 -1 1 1 1 0 -1 -2 -3 -2 0 0 -1 -1 -2 -3 -3 -1 -2 
-75 -73 -71 -69 -67 -65 -63 -61 -59 -57 -55 -53 -51 -49 -47 -45 -43 -41 -39 -37 -35 -33 -31 -29 -27 -27 -27 -25 -24 -22 -20 -18 -16 -16 -16 -14 -14 -12 -8 -8 -6 -6 -5 -5 -5 -3 -1 1 1 1 0 -1 0 2 4 4 4 3 3 2 3 2 4 4 5 5 4 4 3 2 2 3 5 5 5 4 4 3 4 4 4 4 4 3 2 1 0 1 1 1 0 0 -1 0 0 0 0 0 -1 -2 -3 -3 -1 -1 -1 -2 -2 -3 -2 -2 -2 
-76 -74 -72 -70 -68 -66 -64 -62 -60 -58 -56 -54 -52 -50 -48 -46 -44 -42 -40 -38 -36 -34 -32 -30 -28 -26 -27 -26 -24 -23 -21 -19 -17 -15 -16 -15 -13 -13 -9 -7 -7 -7 -5 -4 -5 -4 -2 0 2 1 2 1 0 1 3 5 4 5 4 3 2 2 3 3 5 6 6 5 5 4 3 3 4 6 5 6 5 4 3 5 5 5 4 5 4 3 2 1 2 1 2 1 0 -1 1 1 1 0 1 0 -1 -2 -2 0 -1 0 -1 -2 -3 -1 -2 
-77 -75 -73 -71 -69 -67 -65 -63 -61 -59 -57 -55 -53 -51 -49 -47 -45 -43 -41 -39 -37 -35 -33 -31 -29 -27 -27 -27 -25 -23 -22 -20 -18 -16 -16 -16 -14 -12 -10 -8 -8 -8 -6 -5 -3 -4 -3 -1 1 1 1 1 2 1 2 4 4 4 4 5 4 3 2 2 4 5 5 5 4 4 5 4 3 5 5 5 5 6 5 4 4 4 4 4 4 5 4 3 2 1 1 1 2 1 0 0 0 0 0 0 1 0 -1 -1 -1 -1 -1 0 -1 -2 -2 
-78 -76 -74 -72 -70 -68 -66 -64 -62 -60 -58 -56 -54 -52 -50 -48 -46 -44 -42 -40 -38 -36 -34 -32 -30 -28 -26 -27 -26 -24 -23 -21 -19 -19 -15 -16 -15 -13 -11 -9 -9 -7 -7 -6 -4 -4 -4 -2 0 2 1 0 1 1 1 3 5 4 3 4 4 5 4 3 3 4 4 6 5 4 4 4 3 4 6 5 4 5 5 4 3 3 5 4 3 4 4 3 2 3 2 1 1 1 0 -1 -1 1 0 -1 0 0 -1 -2 0 -1 -2 -1 -1 -2 -1 
-79 -77 -75 -73 -71 -69 -67 -65 -63 -61 -59 -57 -55 -53 -51 -49 -47 -45 -43 -41 -39 -37 -35 -33 -31 -29 -27 -27 -27 -25 -23 -22 -22 -20 -16 -16 -16 -14 -12 -10 -10 -8 -8 -7 -5 -3 -4 -3 -1 1 1 0 0 0 0 2 4 4 3 3 5 4 6 5 4 3 3 5 5 4 3 3 3 3 5 5 4 4 6 5 4 3 4 4 3 3 3 3 2 2 2 1 0 2 1 0 -1 0 0 -1 -1 -1 -1 -2 -1 -1 -2 -2 0 -1 -2 
-80 -78 -76 -74 -72 -70 -68 -66 -64 -62 -60 -58 -56 -54 -52 -50 -48 -46 -44 -42 -40 -38 -36 -34 -32 -30 -28 -26 -26 -26 -24 -22 -21 -21 -17 -15 -15 -15 -13 -11 -9 -9 -7 -7 -6 -4 -2 -3 -2 0 2 2 1 1 1 1 3 5 5 4 4 4 5 5 6 5 4 4 6 6 5 4 4 4 4 6 6 5 5 7 6 5 4 5 5 4 4 4 4 3 3 3 2 1 3 2 1 0 1 1 0 0 0 0 -1 0 0 -1 -1 1 0 
-81 -79 -77 -75 -73 -71 -69 -67 -65 -63 -61 -59 -57 -55 -53 -51 -49 -47 -45 -43 -41 -39 -37 -35 -33 -31 -29 -27 -27 -25 -26 -23 -22 -22 -18 -16 -16 -14 -14 -12 -10 -10 -8 -8 -6 -5 -3 -3 -3 -1 1 1 3 2 1 0 2 4 4 6 5 4 4 4 5 5 4 3 5 5 7 6 5 4 3 5 5 7 6 6 6 5 4 4 4 6 5 4 3 3 2 2 4 3 2 2 1 0 0 0 2 1 0 -1 -1 -1 -1 1 0 0 0 
-82 -80 -78 -76 -74 -72 -70 -68 -66 -64 -62 -60 -58 -56 -54 -52 -50 -48 -46 -44 -42 -40 -38 -36 -34 -32 -30 -28 -28 -28 -24 -24 -23 -23 -19 -17 -17 -15 -15 -13 -11 -11 -9 -9 -7 -5 -4 -4 -4 -2 0 0 2 2 1 0 1 3 3 5 7 6 5 4 4 4 4 3 4 4 6 6 5 4 3 4 4 6 8 7 6 5 4 3 3 5 5 4 3 2 2 1 3 5 4 3 2 1 0 -1 1 1 0 -1 -2 -2 -2 0 2 1 0 
-83 -81 -79 -77 -75 -73 -71 -69 -67 -65 -63 -61 -59 -57 -55 -53 -51 -49 -47 -45 -43 -41 -39 -37 -35 -33 -31 -29 -27 -28 -25 -23 -23 -22 -20 -18 -16 -16 -14 -14 -12 -12 -10 -8 -8 -6 -4 -3 -3 -3 -1 1 1 3 3 2 1 2 4 4 6 6 5 4 5 5 5 4 4 5 5 7 7 6 5 4 5 5 7 9 8 7 6 5 4 4 6 6 5 4 3 3 2 4 6 5 4 3 2 1 0 2 2 1 0 -1 -1 -1 1 3 2 
-84 -82 -80 -78 -76 -74 -72 -70 -68 -66 -64 -62 -60 -58 -56 -54 -52 -50 -48 -46 -44 -42 -40 -38 -36 -34 -32 -32 -28 -28 -26 -24 -24 -23 -21 -19 -17 -17 -15 -15 -13 -11 -11 -9 -9 -7 -5 -4 -4 -2 -2 0 0 2 2 2 3 2 3 3 5 7 6 6 5 4 4 6 5 4 4 6 6 6 7 6 5 4 6 8 8 7 8 7 6 5 5 5 5 6 5 4 3 3 5 5 4 5 4 3 2 1 1 1 2 1 0 -1 0 2 4 
-85 -83 -81 -79 -77 -75 -73 -71 -69 -67 -65 -63 -61 -59 -57 -55 -53 -51 -49 -47 -45 -43 -41 -39 -37 -35 -35 -33 -29 -27 -27 -25 -25 -24 -22 -20 -18 -16 -16 -16 -14 -12 -12 -10 -8 -8 -6 -5 -5 -3 -3 -1 1 1 1 1 2 2 2 4 4 6 6 5 5 4 3 5 5 4 5 5 5 5 6 6 5 6 5 7 7 7 7 7 6 7 6 5 4 5 5 4 5 4 4 4 4 4 4 3 4 3 2 1 1 1 0 1 0 1 3 
-86 -84 -82 -80 -78 -76 -74 -72 -70 -68 -66 -64 -62 -60 -58 -56 -54 -52 -50 -48 -46 -44 -42 -40 -38 -36 -36 -34 -30 -28 -28 -26 -24 -24 -23 -21 -19 -17 -15 -15 -15 -13 -11 -11 -9 -9 -7 -5 -4 -4 -2 -2 0 2 2 2 1 3 3 3 3 5 5 5 6 6 5 4 6 6 5 6 6 6 5 7 7 6 5 6 8 8 7 8 8 7 8 7 6 5 6 6 5 4 5 5 5 4 5 5 4 5 4 3 2 2 2 1 0 1 2 
-87 -85 -83 -81 -79 -77 -75 -73 -71 -69 -67 -65 -63 -61 -59 -57 -55 -53 -51 -49 -47 -45 -43 -41 -41 -37 -37 -35 -31 -29 -27 -27 -25 -25 -24 -22 -20 -18 -16 -16 -16 -14 -12 -12 -10 -8 -8 -6 -5 -5 -3 -3 -1 1 1 1 1 2 2 2 4 4 6 5 5 5 5 4 5 5 5 5 5 5 5 6 6 6 7 6 7 7 7 7 7 7 7 7 6 5 5 5 5 6 5 4 4 4 4 4 4 4 4 3 2 1 1 1 2 1 1 
-88 -86 -84 -82 -80 -78 -76 -74 -72 -70 -68 -66 -64 -62 -60 -58 -56 -54 -52 -50 -48 -46 -44 -42 -40 -38 -38 -36 -32 -30 -28 -26 -26 -24 -25 -23 -21 -19 -17 -15 -15 -15 -13 -11 -11 -9 -7 -7 -5 -6 -4 -2 -2 0 2 2 1 2 3 2 3 3 5 5 6 6 6 5 5 6 5 6 6 6 5 6 7 6 6 8 7 8 7 8 8 7 8 8 8 7 6 6 5 5 7 6 5 4 5 5 4 5 5 5 4 3 2 1 1 3 2 
-89 -87 -85 -83 -81 -79 -77 -75 -73 -71 -69 -67 -65 -63 -61 -59 -57 -55 -53 -51 -49 -47 -47 -43 -41 -39 -39 -37 -33 -31 -29 -27 -27 -25 -25 -24 -22 -20 -18 -16 -16 -16 -14 -12 -12 -10 -8 -8 -6 -6 -5 -3 -3 -1 1 1 1 1 2 2 3 2 4 4 5 5 5 5 4 5 5 5 5 5 5 5 6 6 7 7 7 7 7 7 7 7 7 7 7 7 6 5 5 6 6 6 5 4 4 4 4 4 4 4 4 3 2 1 2 2 2 
-90 -88 -86 -84 -82 -80 -78 -76 -74 -72 -70 -68 -66 -64 -62 -60 -58 -56 -54 -52 -50 -50 -48 -44 -42 -40 -38 -38 -34 -32 -30 -28 -28 -26 -24 -25 -23 -21 -19 -17 -17 -15 -15 -13 -13 -11 -9 -9 -7 -5 -6 -4 -4 -2 0 0 2 1 1 1 2 4 3 5 4 4 4 6 5 4 4 4 4 4 6 5 5 5 6 6 6 6 8 7 6 6 6 6 6 8 7 6 5 5 5 5 5 6 5 4 3 3 3 3 5 4 3 2 1 1 3 
-91 -89 -87 -85 -83 -81 -79 -77 -75 -73 -71 -69 -67 -65 -63 -61 -59 -57 -55 -53 -53 -51 -49 -45 -43 -41 -39 -39 -35 -33 -31 -29 -29 -27 -25 -25 -24 -22 -20 -18 -18 -16 -16 -14 -12 -12 -10 -10 -8 -6 -6 -5 -3 -3 -1 -1 1 1 0 2 1 3 3 4 4 3 3 5 5 4 5 4 3 3 5 5 4 6 5 5 5 5 7 7 6 7 6 5 5 7 7 6 7 6 5 4 4 5 5 4 5 4 3 2 4 4 3 4 3 2 2 
-92 -90 -88 -86 -84 -82 -80 -78 -76 -74 -72 -70 -68 -66 -64 -62 -60 -58 -56 -56 -52 -52 -50 -46 -44 -42 -40 -38 -36 -34 -32 -30 -28 -28 -26 -24 -24 -23 -21 -19 -17 -17 -15 -15 -13 -13 -11 -9 -9 -7 -5 -5 -4 -2 -2 0 0 2 2 1 1 2 2 3 5 5 4 4 6 6 5 6 5 4 4 6 6 5 5 6 6 6 6 8 8 7 8 7 6 6 8 8 7 6 7 6 5 4 6 6 5 6 5 4 3 5 5 4 3 4 3 
-93 -91 -89 -87 -85 -83 -81 -79 -77 -75 -73 -71 -69 -67 -65 -63 -61 -59 -59 -57 -53 -53 -51 -47 -45 -43 -41 -39 -37 -35 -33 -31 -29 -29 -27 -25 -25 -24 -22 -20 -18 -18 -16 -16 -14 -12 -12 -10 -10 -8 -6 -6 -5 -3 -3 -1 -1 1 1 1 2 1 3 2 4 4 4 3 5 5 5 5 5 4 3 5 5 5 6 5 5 5 5 7 7 7 7 7 6 5 7 7 7 8 7 6 5 4 5 5 5 5 5 4 3 4 4 4 5 4 3 
-94 -92 -90 -88 -86 -84 -82 -80 -78 -76 -74 -72 -70 -68 -66 -64 -62 -62 -60 -58 -54 -54 -52 -48 -46 -44 -42 -40 -38 -36 -34 -32 -30 -30 -28 -26 -26 -24 -23 -21 -19 -19 -17 -17 -15 -13 -13 -11 -11 -9 -7 -7 -5 -4 -4 -2 -2 0 0 2 1 1 2 2 3 3 3 3 4 4 6 5 4 4 3 4 4 6 5 5 4 4 4 6 6 8 7 6 6 5 6 6 8 7 7 6 5 4 4 4 6 5 4 4 3 3 3 5 4 4 3 
-95 -93 -91 -89 -87 -85 -83 -81 -79 -77 -75 -73 -71 -69 -67 -65 -63 -61 -61 -59 -55 -53 -53 -49 -47 -45 -43 -41 -39 -37 -35 -33 -31 -29 -29 -27 -25 -25 -23 -22 -20 -20 -18 -16 -16 -14 -12 -12 -10 -10 -8 -6 -6 -4 -3 -3 -3 -1 1 1 1 0 1 1 3 4 4 3 4 5 5 7 6 5 4 4 5 5 5 6 6 5 4 5 7 7 9 8 7 6 6 7 7 7 8 8 7 6 5 5 5 7 6 5 4 4 4 4 4 5 4 
-96 -94 -92 -90 -88 -86 -84 -82 -80 -78 -76 -74 -72 -70 -68 -68 -64 -62 -60 -60 -56 -54 -54 -50 -48 -46 -44 -42 -40 -38 -36 -34 -32 -30 -30 -28 -26 -26 -24 -22 -21 -21 -19 -17 -17 -15 -13 -11 -11 -11 -9 -7 -7 -5 -3 -2 -3 -2 0 0 0 0 0 0 2 4 5 4 4 5 4 6 8 7 6 5 5 4 4 6 7 7 6 5 6 6 8 10 9 8 7 7 6 6 8 9 9 8 7 6 5 6 8 7 6 5 5 4 3 5 4 
-97 -95 -93 -91 -89 -87 -85 -83 -81 -79 -77 -75 -73 -71 -71 -69 -65 -63 -61 -59 -57 -55 -55 -51 -49 -47 -45 -43 -41 -39 -37 -35 -33 -31 -29 -29 -27 -27 -25 -23 -22 -20 -20 -18 -18 -16 -14 -12 -12 -10 -10 -8 -8 -6 -4 -3 -1 -2 -1 -1 -1 1 0 1 1 3 4 6 5 4 4 5 7 7 8 7 6 5 4 5 6 6 8 7 6 5 7 9 9 10 9 8 7 6 7 8 8 10 9 8 7 6 7 7 8 7 6 5 4 4 6 
-98 -96 -94 -92 -90 -88 -86 -84 -82 -80 -78 -76 -74 -74 -70 -70 -66 -64 -62 -60 -58 -56 -54 -52 -50 -48 -46 -44 -42 -40 -38 -36 -34 -32 -30 -30 -28 -26 -26 -24 -23 -21 -21 -19 -17 -17 -15 -13 -13 -11 -11 -9 -7 -7 -5 -4 -2 -2 -2 0 -1 0 0 0 0 2 3 5 5 4 5 4 6 6 7 7 6 7 6 5 5 5 7 7 6 7 6 8 8 9 9 8 9 8 7 7 7 9 9 8 9 8 7 6 7 7 6 7 6 5 5 
-99 -97 -95 -93 -91 -89 -87 -85 -83 -81 -79 -77 -77 -75 -71 -71 -67 -65 -63 -61 -59 -57 -55 -53 -51 -49 -47 -45 -43 -41 -39 -37 -35 -33 -31 -31 -29 -27 -27 -25 -24 -22 -22 -20 -18 -18 -16 -14 -14 -12 -12 -10 -8 -8 -6 -5 -3 -3 -3 -1 -1 -1 -1 -1 -1 1 2 4 4 4 5 4 5 5 6 6 6 7 6 5 4 4 6 6 6 7 6 7 7 8 8 8 9 8 7 6 6 8 8 8 9 8 7 6 6 6 6 7 6 5 4 
-100 -98 -96 -94 -92 -90 -88 -86 -84 -82 -80 -78 -78 -76 -72 -72 -68 -66 -64 -62 -60 -58 -56 -54 -52 -50 -48 -46 -44 -42 -40 -38 -36 -34 -32 -32 -30 -28 -28 -26 -25 -23 -23 -21 -19 -19 -17 -15 -15 -13 -13 -11 -9 -9 -7 -6 -4 -4 -4 -2 -2 0 -1 0 -1 0 1 3 3 3 4 4 4 4 6 5 5 6 6 5 4 3 5 5 5 6 6 6 6 8 7 7 8 8 7 6 5 7 7 7 8 8 7 6 7 6 5 6 6 5 6 
-101 -99 -97 -95 -93 -91 -89 -87 -85 -83 -81 -79 -77 -77 -73 -73 -69 -67 -65 -63 -61 -59 -57 -55 -53 -51 -49 -47 -45 -43 -41 -39 -37 -35 -33 -31 -31 -29 -27 -27 -25 -24 -22 -22 -20 -20 -18 -16 -14 -14 -12 -12 -10 -8 -8 -6 -5 -3 -3 -3 -3 -1 -1 -1 1 0 1 2 4 4 3 5 5 5 5 7 6 5 5 7 6 5 4 6 6 5 7 7 7 7 9 8 7 7 9 8 7 6 8 8 7 9 9 8 7 8 7 6 5 7 6 
-102 -100 -98 -96 -94 -92 -90 -88 -86 -84 -82 -80 -78 -76 -74 -74 -70 -68 -66 -64 -62 -60 -58 -56 -54 -52 -50 -48 -46 -44 -42 -40 -38 -36 -34 -32 -30 -30 -28 -26 -26 -25 -23 -21 -21 -21 -19 -17 -15 -15 -13 -11 -11 -9 -7 -7 -6 -4 -2 -3 -4 -2 -2 -2 0 2 1 1 3 5 4 4 6 6 5 6 8 7 6 6 8 7 6 5 7 6 6 8 8 7 8 10 9 8 8 10 9 8 7 9 8 8 10 10 9 8 9 8 7 6 6 
-103 -101 -99 -97 -95 -93 -91 -89 -89 -85 -83 -81 -79 -77 -75 -73 -71 -69 -67 -65 -63 -61 -59 -57 -55 -53 -51 -49 -47 -45 -43 -41 -39 -37 -35 -33 -31 -31 -29 -27 -27 -26 -24 -22 -22 -20 -20 -18 -16 -16 -14 -12 -12 -10 -8 -8 -7 -5 -3 -3 -2 -3 -1 -2 -1 1 1 0 2 4 4 3 5 5 5 5 7 7 8 7 7 7 6 5 6 6 5 7 7 7 7 9 9 10 9 9 9 8 7 8 8 7 9 9 9 8 8 8 9 8 7 
-104 -102 -100 -98 -96 -94 -92 -90 -90 -86 -84 -82 -80 -78 -76 -74 -72 -70 -68 -66 -64 -62 -60 -58 -56 -54 -52 -50 -48 -46 -44 -42 -40 -38 -36 -34 -32 -30 -30 -28 -28 -27 -25 -23 -21 -21 -21 -19 -17 -17 -15 -13 -11 -11 -9 -9 -8 -6 -4 -2 -3 -3 -2 -2 -2 0 0 0 1 3 5 4 4 4 4 4 6 8 7 7 6 6 6 5 5 7 6 6 6 6 6 8 10 9 9 8 8 8 7 7 9 8 8 8 8 8 7 9 8 8 7 
-105 -103 -101 -99 -97 -95 -95 -91 -91 -87 -85 -83 -81 -79 -77 -75 -73 -71 -69 -67 -65 -63 -61 -59 -57 -55 -53 -51 -49 -47 -45 -43 -41 -39 -37 -35 -33 -31 -31 -29 -29 -28 -26 -24 -22 -22 -22 -20 -18 -18 -16 -14 -12 -12 -10 -10 -9 -7 -5 -3 -3 -4 -3 -3 -3 -1 -1 -1 0 2 4 4 3 3 3 3 5 7 7 6 6 5 5 5 4 6 6 5 5 5 5 7 9 9 8 8 7 7 7 6 8 8 7 7 7 7 7 8 8 7 7 
-106 -104 -102 -100 -98 -98 -96 -92 -92 -88 -86 -84 -82 -80 -78 -76 -74 -72 -70 -68 -66 -64 -62 -60 -58 -56 -54 -52 -50 -48 -46 -44 -42 -40 -38 -36 -34 -32 -32 -30 -30 -29 -27 -25 -23 -23 -23 -21 -19 -19 -17 -15 -13 -13 -11 -11 -10 -8 -6 -4 -4 -4 -4 -4 -4 -2 -2 -2 -1 1 3 3 3 2 2 2 4 6 6 6 5 5 4 4 4 5 5 5 4 4 4 6 8 8 8 7 7 6 6 6 7 7 7 6 6 6 6 8 7 7 6 
-107 -105 -103 -101 -99 -99 -97 -93 -93 -89 -87 -85 -83 -81 -79 -77 -75 -73 -71 -69 -67 -65 -63 -61 -59 -57 -55 -53 -51 -49 -47 -45 -43 -41 -39 -37 -35 -33 -33 -31 -31 -29 -28 -26 -24 -24 -24 -22 -20 -18 -18 -16 -14 -14 -12 -12 -10 -9 -7 -5 -5 -3 -4 -3 -4 -3 -3 -1 -2 0 2 2 2 2 3 2 3 5 5 5 5 4 6 5 4 4 4 4 4 5 4 5 7 7 7 7 6 8 7 6 6 6 6 6 7 6 5 7 7 6 8 
-108 -106 -104 -102 -100 -98 -98 -94 -92 -90 -88 -86 -84 -82 -80 -78 -76 -74 -72 -70 -68 -66 -64 -62 -60 -58 -56 -54 -52 -50 -48 -46 -44 -42 -40 -38 -36 -34 -32 -32 -30 -30 -28 -27 -25 -25 -23 -23 -21 -19 -17 -17 -15 -13 -13 -11 -11 -9 -8 -6 -6 -4 -4 -4 -2 -3 -2 -2 0 -1 1 3 3 3 2 4 3 4 4 6 6 6 5 7 6 5 5 5 5 4 6 5 6 6 8 8 8 7 9 8 7 7 7 7 6 8 7 6 6 8 7 
-109 -107 -107 -103 -101 -99 -99 -95 -93 -91 -89 -87 -85 -83 -81 -79 -77 -75 -73 -71 -69 -67 -65 -63 -61 -59 -57 -55 -53 -51 -49 -47 -45 -43 -41 -39 -37 -35 -33 -33 -31 -31 -29 -28 -26 -24 -24 -24 -22 -20 -18 -18 -16 -14 -14 -12 -12 -10 -9 -7 -5 -5 -3 -4 -3 -3 -3 -3 -1 -1 0 2 2 2 2 3 3 3 5 5 5 5 5 6 6 5 4 4 4 4 5 5 5 7 7 7 7 7 8 8 7 6 6 6 6 7 7 6 7 7 7 
-110 -1 -2 -3 -4 -5 -6 -7 -8 -9 -10 -11 -12 -13 -14 -15 -16 -17 -18 -19 -20 -21 -22 -23 -24 -25 -26 -27 -28 -29 -30 -31 -32 -33 -34 -35 -36 -36 -34 -34 -32 -32 -30 -29 -27 -25 -25 -25 -23 -21 -19 -19 -17 -15 -15 -13 -13 -11 -10 -8 -6 -6 -4 -4 -4 -4 -4 -4 -2 -2 0 1 1 1 1 2 2 4 4 4 4 4 4 5 5 7 6 5 4 3 4 4 6 6 6 6 6 6 7 7 9 8 7 6 5 6 6 8 7 6 6 
Aligned Sequence 1: GG-GA--GGTGG-GAGGTC-GGG-A-GG-TG-GG-AG-GT-CGGGAGG-TGGGAGGTC-GGGAGG--T-G---GGAGGTC-ACAGG-GA--GGTGG-GAGGTC-GGG-A-GG-TG-GG-AG-GT-CGGGAGG-TGGGAGG-TCGA
Aligned Sequence 2: --AG-GGGCT--C---G-CGCG-TACGTC-GATGCG-CATGCTGGATTA--GG--CT-T--TAG-CTAGCGATCGATTTAT-C-G-AG-GGGCT--C---G-CGCG-TACGTC-GATGCG-CATGCTGGATTA-GGCTTTAGC-T


  0.001415 kernel Time elapsed 
